Minutes,Seconds,Milliseconds,Message
0,0,1,OBC Program Starts
0,2,44,Payload 1 turns on
0,2,57,Payload 2 turns on
0,2,68,EPS turns on
0,2,79,ADCS turns on
0,2,89,Comms turns on
0,4,670,0.000 0.068 0.350 0.000>
0,9,239,0.015 0.097 0.525 0.000>
0,10,79,0.000 0.000 0.407 0.000>
0,14,993,~
0,19,609,0.000 0.015 0.343 0.000>
0,24,403,0.038 0.100 0.412 0.002>
0,29,258,~
0,29,971,0.000 0.035 0.405 0.000>
0,34,651,0.005 0.060 0.512 0.015>
0,39,493,0.002 0.040 0.403 0.000>
0,44,216,0.000 0.027 0.447 0.000>
0,44,929,0.000 0.052 0.415 0.000>
0,49,676,0.025 0.080 0.355 0.018>
0,54,376,0.000 0.000 0.567 0.055>
0,59,214,0.018 0.015 0.360 0.002>
1,0,43,0.000 0.052 0.355 0.000>
1,4,788,0.000 0.025 0.435 0.000>
1,9,391,0.000 0.115 0.395 0.018>
1,14,962,0.000 0.072 0.412 0.000>
1,19,705,0.000 0.043 0.420 0.000>
1,24,425,0.000 0.100 0.355 0.000>
1,29,853,0.000 0.015 0.450 0.000>
1,34,758,0.070 0.065 0.480 0.000>
1,39,540,~
1,44,972,0.080 0.045 0.585 0.000>
1,49,823,~
1,54,560,0.035 0.070 0.435 0.000>
1,59,292,0.005 0.045 0.385 0.000>
2,0,117,0.000 0.052 0.407 0.000>
2,4,819,0.000 0.043 0.403 0.000>
2,9,583,0.000 0.000 0.345 0.000>
2,14,329,0.013 0.085 0.417 0.000>
2,15,139,0.125 0.040 0.477 0.000>
2,19,773,0.000 0.002 0.430 0.000>
2,24,486,0.050 0.035 0.618 0.000>
2,29,214,~
2,29,928,0.050 0.055 0.380 0.000>
2,34,734,0.000 0.000 0.400 0.000>
2,39,529,0.000 0.035 0.377 0.000>
2,44,220,0.000 0.038 0.400 0.000>
2,45,28,0.000 0.038 0.423 0.000>
2,49,746,0.000 0.030 0.405 0.000>
2,54,394,0.043 0.083 0.375 0.000>
2,59,243,0.000 0.000 0.452 0.000>
2,59,957,0.002 0.038 0.387 0.000>
3,4,569,~
3,9,443,0.000 0.045 0.425 0.000>
3,10,168,0.000 0.050 0.403 0.000>
3,14,912,0.038 0.115 0.525 0.000>
3,19,610,0.000 0.065 0.412 0.000>
3,24,977,0.030 0.013 0.410 0.000>
3,29,838,0.005 0.010 0.393 0.027>
3,34,505,0.000 0.013 0.320 0.000>
3,39,282,0.083 0.052 0.410 0.000>
3,40,123,0.000 0.055 0.377 0.000>
3,45,24,0.032 0.108 0.360 0.000>
3,49,823,0.000 0.032 0.385 0.000>
3,54,645,0.112 0.000 0.300 0.000>
3,59,522,0.000 0.000 0.477 0.000>
4,4,860,0.000 0.025 0.368 0.000>
4,9,627,0.000 0.013 0.417 0.000>
4,14,345,0.000 0.000 0.435 0.000>
4,15,60,0.000 0.027 0.385 0.000>
4,19,946,0.000 0.020 0.400 0.000>
4,24,564,0.180 0.102 0.538 0.000>
4,29,355,0.000 0.027 0.428 0.000>
4,30,164,0.000 0.070 0.433 0.002>
4,34,221,0.000 0.045 0.382 0.000>
4,35,41,0.000 0.038 0.425 0.000>
4,39,662,0.052 0.080 0.563 0.027>
4,44,471,0.000 0.097 0.315 0.000>
4,49,350,0.050 0.043 0.538 0.000>
4,50,191,0.065 0.072 0.450 0.000>
4,54,224,0.000 0.127 0.500 0.018>
4,54,964,0.000 0.147 0.395 0.000>
4,59,800,0.002 0.050 0.398 0.010>
5,4,664,0.000 0.020 0.343 0.025>
5,9,530,0.000 0.018 0.548 0.005>
5,14,994,~
5,19,678,0.000 0.102 0.412 0.000>
5,24,344,0.000 0.047 0.390 0.000>
5,29,231,0.002 0.047 0.375 0.000>
5,30,58,0.000 0.000 0.390 0.000>
5,34,584,0.002 0.102 0.430 0.000>
5,39,344,0.000 0.083 0.450 0.000>
5,40,181,0.000 0.108 0.400 0.000>
5,44,919,0.055 0.072 0.558 0.000>
5,49,852,0.027 0.000 0.255 0.000>
5,54,724,0.005 0.117 0.338 0.000>
5,59,706,0.000 0.000 0.400 0.000>
6,4,399,0.000 0.025 0.395 0.000>
6,5,124,0.000 0.015 0.430 0.000>
6,9,812,0.000 0.050 0.385 0.000>
6,14,512,0.000 0.030 0.410 0.000>
6,19,418,0.000 0.000 0.350 0.000>
6,24,300,0.068 0.010 0.305 0.000>
6,25,142,0.000 0.045 0.575 0.030>
6,29,838,0.000 0.047 0.365 0.000>
6,34,678,0.000 0.040 0.393 0.000>
6,39,395,~
6,40,123,0.007 0.065 0.410 0.000>
6,44,805,0.000 0.043 0.403 0.000>
6,49,667,0.000 0.072 0.380 0.000>
6,54,230,0.000 0.207 0.510 0.000>
6,55,71,0.000 0.027 0.425 0.020>
6,59,949,0.000 0.007 0.405 0.000>
7,4,644,0.000 0.045 0.382 0.000>
7,9,398,0.015 0.090 0.370 0.000>
7,14,225,0.000 0.058 0.415 0.000>
7,15,33,0.018 0.005 0.377 0.000>
7,19,681,0.000 0.040 0.425 0.000>
7,24,536,0.020 0.090 0.538 0.000>
7,29,441,0.000 0.083 0.450 0.032>
7,30,156,0.000 0.040 0.400 0.000>
7,34,862,0.000 0.052 0.347 0.000>
7,39,703,0.038 0.117 0.627 0.000>
7,44,366,0.000 0.000 0.368 0.000>
7,45,81,0.000 0.043 0.373 0.000>
7,49,898,0.000 0.025 0.375 0.000>
7,54,814,0.000 0.007 0.423 0.000>
7,59,466,0.010 0.027 0.438 0.000>
8,4,302,0.047 0.007 0.447 0.018>
8,5,151,0.013 0.043 0.382 0.000>
8,9,872,0.043 0.047 0.420 0.000>
8,14,521,0.000 0.002 0.458 0.000>
8,19,376,0.020 0.002 0.375 0.000>
8,20,104,~
8,24,819,0.010 0.027 0.322 0.112>
8,29,635,0.000 0.065 0.355 0.032>
8,34,459,0.000 0.068 0.377 0.000>
8,35,198,0.000 0.027 0.373 0.000>
8,39,952,0.000 0.000 0.458 0.000>
8,44,688,0.000 0.058 0.310 0.000>
8,49,292,0.000 0.032 0.377 0.000>
8,50,113,0.005 0.018 0.363 0.000>
8,54,875,0.268 0.105 0.468 0.000>
8,59,677,0.023 0.045 0.350 0.000>
9,4,518,0.000 0.023 0.398 0.040>
9,9,339,~
9,10,68,~
9,14,952,0.000 0.000 0.442 0.000>
9,19,704,0.000 0.030 0.338 0.030>
9,24,420,0.018 0.000 0.387 0.000>
9,29,213,0.000 0.047 0.375 0.000>
9,30,45,0.030 0.015 0.317 0.000>
9,34,714,0.000 0.070 0.433 0.000>
9,39,482,0.010 0.093 0.480 0.000>
9,44,354,0.000 0.065 0.463 0.000>
9,45,175,~
9,49,933,0.000 0.045 0.380 0.000>
9,54,717,0.102 0.045 0.380 0.000<0.102 0.045 0.380 0.000>
9,59,592,0.000 0.060 0.382 0.000>
10,4,925,0.000 0.038 0.382 0.000>
10,9,637,0.058 0.035 0.327 0.000>
10,14,970,0.000 0.032 0.410 0.000>
10,19,598,0.000 0.040 0.393 0.000>
10,24,307,0.000 0.013 0.477 0.000>
10,25,149,0.000 0.125 0.510 0.000>
10,30,12,0.000 0.052 0.398 0.000>
10,34,742,0.000 0.027 0.355 0.000>
10,39,573,0.000 0.023 0.433 0.000>
10,44,398,0.000 0.000 0.410 0.005>
10,49,885,0.000 0.058 0.420 0.000>
10,54,747,0.063 0.183 0.303 0.000>
10,59,654,0.000 0.068 0.315 0.000>
11,4,266,0.032 0.050 0.400 0.000>
11,5,86,0.040 0.027 0.370 0.000>
11,9,965,0.000 0.007 0.405 0.000>
11,14,715,0.000 0.000 0.280 0.000>
11,19,316,0.080 0.045 0.430 0.000>
11,20,136,0.000 0.040 0.370 0.000>
11,24,687,0.000 0.052 0.500 0.000>
11,29,583,0.000 0.000 0.313 0.000>
11,34,453,0.015 0.007 0.425 0.000>
11,35,178,0.000 0.045 0.380 0.000>
11,39,799,0.000 0.050 0.460 0.000>
11,44,459,0.015 0.130 0.452 0.000>
11,45,173,0.002 0.047 0.423 0.000>
11,49,997,0.043 0.020 0.395 0.000>
11,54,872,0.015 0.000 0.270 0.027>
11,59,624,0.013 0.030 0.420 0.030>
12,4,408,0.000 0.045 0.363 0.000>
12,9,926,0.007 0.032 0.335 0.000>
12,14,674,0.000 0.043 0.435 0.000>
12,19,483,0.000 0.047 0.412 0.000>
12,20,209,0.000 0.030 0.373 0.000>
12,24,940,0.060 0.065 0.403 0.000>
12,29,839,0.000 0.175 0.535 0.000>
12,34,539,0.000 0.038 0.377 0.000>
12,39,292,0.000 0.000 0.350 0.000>
12,40,139,0.000 0.100 0.338 0.000>
12,44,902,0.000 0.047 0.360 0.000>
12,49,631,~
12,54,371,0.013 0.095 0.335 0.000>
12,59,249,0.002 0.013 0.393 0.000>
12,59,964,0.000 0.058 0.377 0.007>
13,4,671,0.000 0.023 0.403 0.025>
13,9,316,0.000 0.040 0.368 0.000>
13,10,132,0.047 0.015 0.387 0.013>
13,14,838,0.005 0.023 0.373 0.000>
13,19,438,0.000 0.030 0.360 0.000>
13,25,6,0.000 0.035 0.433 0.023>
13,29,786,0.000 0.023 0.368 0.000>
13,34,587,0.000 0.000 0.407 0.000>
13,39,450,0.000 0.000 0.375 0.000>
13,44,837,0.000 0.040 0.382 0.000>
13,49,531,0.000 0.027 0.373 0.000>
13,54,447,0.108 0.040 0.395 0.000>
13,55,186,0.010 0.032 0.368 0.002>
13,59,933,0.000 0.030 0.343 0.002>
14,4,745,0.000 0.027 0.333 0.010>
14,9,379,0.000 0.020 0.442 0.000>
14,10,200,0.052 0.027 0.387 0.005>
14,14,238,0.000 0.050 0.322 0.013>
14,15,74,0.000 0.055 0.290 0.000>
14,19,988,0.005 0.095 0.410 0.000>
14,24,704,0.000 0.027 0.377 0.000>
14,29,621,0.058 0.000 0.393 0.047>
14,34,553,0.015 0.015 0.373 0.000>
14,39,267,~
14,39,993,0.000 0.043 0.357 0.000>
14,44,757,0.000 0.018 0.380 0.000>
14,49,499,~
14,54,357,0.035 0.087 0.370 0.000>
14,55,200,0.000 0.115 0.350 0.000>
14,59,213,0.018 0.068 0.420 0.000>
15,0,23,0.013 0.000 0.407 0.000>
15,4,730,0.000 0.038 0.393 0.000>
15,9,503,0.030 0.102 0.445 0.000>
15,14,264,0.000 0.015 0.450 0.000>
15,14,978,0.000 0.045 0.377 0.000>
15,19,788,0.000 0.013 0.455 0.005>
15,24,694,0.000 0.078 0.565 0.075>
15,29,436,0.005 0.125 0.475 0.000>
15,34,292,0.025 0.027 0.385 0.000>
15,35,132,0.000 0.050 0.303 0.000>
15,39,874,~
15,44,693,0.093 0.105 0.488 0.000>
15,49,341,~
15,50,183,0.000 0.065 0.390 0.000>
15,54,274,0.115 0.055 0.352 0.000>
15,55,115,0.000 0.000 0.290 0.000>
15,59,213,0.018 0.025 0.355 0.000>
15,59,941,0.000 0.047 0.455 0.000>
16,4,835,0.052 0.055 0.350 0.000>
16,9,718,0.000 0.000 0.433 0.000>
16,14,564,0.038 0.030 0.400 0.000<0.000 0.000 0.400 0.000>
16,19,976,0.050 0.013 0.485 0.035>
16,24,745,0.000 0.035 0.385 0.000>
16,29,567,~
16,34,419,~
16,40,34,0.032 0.010 0.592 0.050>
16,44,925,0.000 0.032 0.415 0.000>
16,49,732,0.013 0.020 0.398 0.000>
16,54,514,0.000 0.000 0.435 0.000>
16,59,245,0.000 0.035 0.400 0.000>
16,59,961,0.000 0.027 0.400 0.000>
17,4,762,0.018 0.005 0.403 0.000>
17,9,485,0.000 0.032 0.385 0.000>
17,14,985,0.047 0.050 0.423 0.000>
17,19,786,0.000 0.055 0.373 0.000>
17,24,590,0.000 0.068 0.333 0.010>
17,29,425,0.000 0.047 0.382 0.000>
17,34,332,0.015 0.038 0.477 0.000>
17,35,75,0.007 0.035 0.385 0.000>
17,39,722,0.000 0.138 0.415 0.013>
17,44,654,0.000 0.047 0.447 0.000>
17,49,388,0.035 0.068 0.415 0.000>
17,50,128,0.000 0.035 0.385 0.000>
17,55,45,0.000 0.000 0.275 0.047>
17,59,950,0.000 0.032 0.377 0.010>
18,4,857,0.078 0.097 0.475 0.030>
18,9,529,0.000 0.085 0.468 0.000>
18,14,358,0.035 0.025 0.530 0.035>
18,15,189,0.000 0.090 0.425 0.000>
18,19,314,0.000 0.245 0.390 0.015>
18,20,136,0.015 0.072 0.533 0.000>
18,24,897,0.000 0.000 0.425 0.000>
18,29,817,0.000 0.000 0.425 0.027>
18,34,733,0.000 0.147 0.387 0.000>
18,39,695,0.000 0.138 0.355 0.000>
18,44,411,0.093 0.120 0.433 0.000>
18,45,144,0.000 0.032 0.390 0.000>
18,50,18,0.038 0.000 0.407 0.000>
18,54,926,0.070 0.125 0.520 0.000>
18,59,624,0.000 0.030 0.405 0.000>
19,4,475,0.032 0.000 0.433 0.000>
19,9,350,0.072 0.000 0.350 0.000>
19,10,76,0.000 0.093 0.425 0.000>
19,14,975,0.000 0.115 0.343 0.000>
19,19,877,0.002 0.002 0.417 0.000>
19,24,805,0.035 0.058 0.368 0.015>
19,29,641,0.000 0.130 0.433 0.000>
19,34,585,0.000 0.010 0.458 0.000>
19,39,454,0.013 0.050 0.425 0.000>
19,44,311,0.000 0.045 0.368 0.000>
19,45,143,0.050 0.050 0.410 0.030>
19,50,20,0.063 0.000 0.373 0.000>
19,54,934,0.000 0.032 0.345 0.000>
19,59,479,0.007 0.020 0.433 0.000>
20,4,465,0.038 0.035 0.275 0.000>
20,9,267,0.020 0.000 0.385 0.000>
20,10,12,0.070 0.018 0.345 0.000>
20,14,884,0.000 0.055 0.343 0.000>
20,19,795,0.000 0.045 0.382 0.000>
20,24,650,0.000 0.185 0.373 0.000>
20,29,450,0.000 0.108 0.278 0.000>
20,34,273,0.000 0.025 0.320 0.000>
20,35,116,0.013 0.052 0.385 0.000>
20,39,906,0.000 0.030 0.382 0.000>
20,44,831,0.007 0.097 0.317 0.000>
20,49,635,~
20,54,424,0.000 0.060 0.305 0.020>
20,55,162,0.087 0.162 0.420 0.000>
20,59,912,0.000 0.045 0.370 0.000>
21,4,734,0.020 0.112 0.317 0.000>
21,9,433,0.045 0.072 0.327 0.050>
21,14,226,0.132 0.032 0.463 0.000>
21,15,63,0.045 0.032 0.447 0.000>
21,19,864,0.000 0.065 0.477 0.000>
21,24,763,0.000 0.010 0.347 0.000>
21,29,668,0.032 0.002 0.398 0.010>
21,34,422,0.000 0.085 0.412 0.000>
21,35,161,0.000 0.052 0.407 0.005>
21,39,280,0.005 0.000 0.455 0.000>
21,40,122,0.018 0.025 0.390 0.000>
21,45,21,0.000 0.040 0.382 0.000>
21,49,796,0.043 0.080 0.393 0.000>
21,54,683,0.000 0.013 0.325 0.000>
21,59,336,0.000 0.013 0.433 0.000>
22,0,63,0.000 0.030 0.375 0.000>
22,4,424,0.060 0.000 0.280 0.063>
22,5,162,0.032 0.025 0.350 0.000>
22,9,521,0.000 0.020 0.440 0.000>
22,14,636,0.000 0.000 0.545 0.038>
22,19,776,0.047 0.000 0.395 0.000>
22,24,889,0.032 0.160 0.545 0.000>
22,29,305,0.005 0.025 0.370 0.000>
22,30,30,0.117 0.035 0.385 0.000>
22,34,377,0.000 0.038 0.393 0.000>
22,35,117,0.000 0.150 0.393 0.015>
22,39,501,0.032 0.013 0.350 0.000>
22,44,610,0.078 0.058 0.373 0.000>
22,49,751,0.093 0.000 0.447 0.000>
22,54,887,0.000 0.093 0.385 0.072>
22,59,248,0.040 0.015 0.465 0.000>
22,59,976,0.000 0.087 0.445 0.002>
23,4,405,0.000 0.032 0.373 0.000>
23,5,143,0.000 0.145 0.322 0.023>
23,9,482,0.000 0.050 0.393 0.000>
23,14,603,0.018 0.047 0.273 0.000>
23,19,597,0.000 0.000 0.452 0.010>
23,24,658,0.168 0.050 0.075 0.030>
23,29,776,0.000 0.047 0.385 0.000>
23,34,915,0.000 0.060 0.377 0.018>
23,39,285,0.015 0.000 0.450 0.000>
23,40,13,0.102 0.123 0.420 0.018>
23,44,444,0.000 0.018 0.400 0.000>
23,45,159,0.000 0.030 0.627 0.010>
23,49,572,0.000 0.000 0.387 0.000>
23,54,692,0.015 0.027 0.203 0.000>
23,59,781,0.000 0.045 0.368 0.000>
24,4,891,0.000 0.047 0.375 0.000>
24,9,235,0.018 0.080 0.425 0.000>
24,9,974,0.000 0.023 0.357 0.000>
24,14,377,0.020 0.043 0.343 0.000>
24,15,92,0.000 0.025 0.330 0.000>
24,19,444,0.000 0.025 0.360 0.000>
24,20,184,0.000 0.038 0.373 0.000>
24,24,511,0.007 0.068 0.313 0.043>
24,29,619,0.020 0.010 0.370 0.000>
24,34,745,0.000 0.007 0.365 0.010>
24,39,839,0.000 0.052 0.382 0.000>
24,44,217,0.023 0.000 0.468 0.000>
24,44,945,0.055 0.070 0.425 0.010>
24,49,332,0.000 0.097 0.472 0.000>
24,50,58,0.000 0.005 0.390 0.000>
24,54,422,0.002 0.198 0.423 0.000>
24,55,161,0.018 0.150 0.440 0.000>
24,59,518,0.052 0.000 0.260 0.000>
25,4,575,~
25,9,658,0.025 0.002 0.363 0.000>
25,14,752,0.040 0.070 0.465 0.000>
25,19,823,0.000 0.030 0.373 0.000>
25,24,925,0.000 0.085 0.335 0.007>
25,29,340,0.000 0.000 0.340 0.000>
25,30,54,0.000 0.043 0.368 0.000>
25,34,388,0.000 0.000 0.482 0.000>
25,35,113,0.000 0.038 0.365 0.000>
25,39,473,0.083 0.078 0.300 0.000>
25,40,198,0.000 0.072 0.308 0.000>
25,44,542,0.000 0.108 0.390 0.000>
25,49,496,~
25,54,592,0.087 0.065 0.325 0.000>
25,59,669,0.007 0.063 0.300 0.043>
26,4,760,0.170 0.000 0.417 0.030>
26,9,854,0.000 0.038 0.493 0.000>
26,14,911,0.000 0.035 0.553 0.000>
26,19,229,0.000 0.018 0.370 0.000>
26,19,959,0.110 0.000 0.538 0.000>
26,24,360,0.000 0.078 0.355 0.000>
26,25,99,0.005 0.153 0.527 0.000>
26,29,464,~
26,30,178,0.070 0.010 0.340 0.000>
26,34,561,0.000 0.043 0.385 0.000>
26,39,636,~
26,44,714,0.000 0.038 0.370 0.000>
26,49,821,0.000 0.000 0.330 0.000>
26,54,939,0.020 0.060 0.330 0.040>
26,59,295,0.000 0.025 0.373 0.000>
27,0,10,0.000 0.030 0.355 0.000>
27,4,382,0.000 0.030 0.363 0.000>
27,5,110,0.000 0.083 0.527 0.000>
27,9,535,0.000 0.025 0.292 0.013>
27,14,650,0.000 0.002 0.298 0.000>
27,19,745,0.000 0.035 0.357 0.000>
27,24,854,0.000 0.023 0.410 0.000>
27,29,230,0.027 0.078 0.345 0.000>
27,29,944,0.000 0.015 0.375 0.000>
27,34,300,0.032 0.025 0.333 0.000>
27,35,27,~
27,39,370,0.000 0.043 0.360 0.000>
27,40,108,0.010 0.000 0.298 0.000>
27,44,494,0.000 0.025 0.340 0.000>
27,49,596,~
27,54,668,0.000 0.102 0.428 0.000>
27,59,725,0.000 0.007 0.338 0.000>
28,4,776,0.002 0.075 0.360 0.000>
28,9,827,0.027 0.005 0.415 0.000>
28,14,870,0.013 0.065 0.377 0.000>
28,19,245,0.000 0.072 0.262 0.000>
28,19,971,0.000 0.055 0.375 0.000>
28,24,341,0.070 0.032 0.305 0.000>
28,25,84,0.157 0.043 0.445 0.060>
28,29,451,0.000 0.172 0.275 0.075>
28,30,169,0.030 0.043 0.335 0.000>
28,34,547,0.010 0.125 0.380 0.040>
28,39,581,0.087 0.000 0.440 0.123>
28,44,640,0.000 0.108 0.515 0.000>
28,49,740,0.130 0.000 0.405 0.000>
28,54,834,0.018 0.135 0.447 0.000>
28,59,921,0.015 0.023 0.357 0.000>
29,4,292,0.093 0.108 0.417 0.007>
29,5,17,0.020 0.072 0.407 0.002>
29,9,338,0.085 0.002 0.522 0.000>
29,10,77,0.000 0.035 0.360 0.000>
29,14,484,0.000 0.110 0.472 0.000>
29,19,589,0.025 0.070 0.475 0.000>
29,24,645,0.000 0.005 0.292 0.000>
29,29,727,0.000 0.000 0.455 0.000>
29,34,819,~
29,39,919,0.040 0.000 0.500 0.000>
29,44,873,0.123 0.063 0.370 0.038>
29,49,218,0.000 0.038 0.345 0.000>
29,49,958,0.000 0.000 0.468 0.025>
29,54,312,0.200 0.105 0.322 0.000>
29,55,59,0.023 0.043 0.257 0.000>
29,59,413,~
30,0,131,0.010 0.020 0.642 0.072>
30,4,469,~
30,5,198,0.000 0.020 0.412 0.060>
30,9,502,0.038 0.105 0.382 0.068>
30,14,572,0.000 0.025 0.377 0.000>
30,19,629,0.000 0.025 0.375 0.000>
30,24,686,0.000 0.083 0.543 0.097>
30,29,759,~
30,34,810,0.000 0.000 0.365 0.000>
30,39,863,0.000 0.013 0.400 0.000>
30,44,921,0.000 0.045 0.377 0.000>
30,49,281,0.000 0.047 0.357 0.000>
30,50,7,0.000 0.068 0.373 0.010>
30,54,394,0.000 0.038 0.433 0.000>
30,55,134,0.000 0.000 0.347 0.000>
30,59,490,0.000 0.085 0.382 0.000>
31,0,205,0.000 0.005 0.477 0.000>
31,4,563,0.013 0.065 0.340 0.000>
31,9,594,0.000 0.138 0.252 0.000>
31,14,695,0.002 0.043 0.375 0.000>
31,19,751,0.027 0.060 0.313 0.000>
31,24,808,0.025 0.058 0.380 0.000>
31,29,853,0.000 0.060 0.330 0.000>
31,34,899,0.002 0.000 0.315 0.000>
31,39,230,0.132 0.083 0.322 0.070>
31,39,955,0.000 0.023 0.365 0.000>
31,44,299,0.157 0.005 0.243 0.000>
31,45,15,~
31,49,247,~
31,49,973,0.020 0.050 0.350 0.000>
31,54,314,0.013 0.000 0.130 0.000>
31,55,53,0.043 0.015 0.313 0.000>
31,59,405,0.002 0.135 0.477 0.000>
32,0,125,~
32,4,465,0.000 0.078 0.520 0.000>
32,5,195,~
32,9,507,~
32,14,578,~
32,19,623,0.110 0.105 0.423 0.000>
32,24,677,0.198 0.023 0.233 0.000>
32,29,745,0.000 0.127 0.440 0.000>
32,34,814,0.000 0.095 0.350 0.000>
32,39,897,0.023 0.072 0.420 0.030>
32,44,236,0.000 0.068 0.368 0.000>
32,44,951,~
32,49,297,0.000 0.032 0.360 0.000>
32,50,35,0.000 0.078 0.338 0.000>
32,54,377,0.213 0.132 0.222 0.000>
32,55,115,0.060 0.162 0.425 0.000>
32,59,454,0.020 0.095 0.320 0.043>
33,0,168,0.047 0.038 0.423 0.000>
33,4,504,0.087 0.000 0.295 0.007>
33,9,574,0.000 0.093 0.587 0.000>
33,14,631,0.000 0.060 0.495 0.000>
33,19,686,0.243 0.000 0.210 0.080>
33,24,741,0.000 0.005 0.390 0.000>
33,29,827,0.000 0.095 0.438 0.000>
33,34,891,0.000 0.002 0.395 0.000>
33,39,227,0.000 0.000 0.398 0.000>
33,39,952,0.000 0.005 0.445 0.000>
33,44,352,0.002 0.025 0.435 0.000>
33,45,84,0.000 0.117 0.447 0.020>
33,49,437,0.000 0.183 0.340 0.000>
33,50,162,0.043 0.000 0.375 0.087>
33,54,496,0.000 0.060 0.440 0.000>
33,59,575,0.080 0.093 0.300 0.063>
34,4,628,0.000 0.185 0.347 0.002>
34,9,671,0.040 0.125 0.265 0.015>
34,14,727,0.000 0.097 0.268 0.018>
34,19,782,0.002 0.045 0.400 0.000>
34,24,854,0.000 0.000 0.500 0.000>
34,29,224,0.000 0.023 0.360 0.000>
34,29,938,0.032 0.000 0.575 0.000>
34,34,276,0.000 0.035 0.373 0.000>
34,35,15,0.093 0.000 0.390 0.000>
34,39,346,0.000 0.010 0.475 0.000>
34,40,71,0.030 0.038 0.403 0.000>
34,44,311,0.000 0.120 0.442 0.000>
34,45,25,0.065 0.000 0.535 0.000>
34,49,351,0.000 0.025 0.370 0.000>
34,50,76,0.000 0.000 0.333 0.000>
34,54,418,0.043 0.203 0.475 0.007>
34,55,163,0.000 0.000 0.398 0.018>
34,59,513,0.000 0.045 0.340 0.000>
35,4,565,0.002 0.055 0.385 0.000>
35,9,602,0.043 0.058 0.398 0.000>
35,14,649,0.000 0.047 0.375 0.000>
35,19,702,0.043 0.045 0.365 0.000>
35,24,828,0.000 0.248 0.275 0.063<0.000 0.248 0.275 0.063>
35,29,912,~
35,34,229,0.055 0.153 0.520 0.020>
35,34,956,~
35,39,285,0.000 0.000 0.412 0.002>
35,40,10,0.078 0.045 0.407 0.000>
35,44,366,0.000 0.093 0.390 0.000>
35,45,79,0.000 0.058 0.538 0.000>
35,49,408,0.000 0.000 0.120 0.000>
35,50,133,0.072 0.065 0.368 0.000>
35,54,437,0.252 0.165 0.472 0.000>
35,59,398,0.000 0.142 0.450 0.000>
36,0,113,0.032 0.200 0.200 0.045>
36,4,445,~
36,5,177,0.000 0.000 0.428 0.000>
36,9,481,~
36,14,555,0.023 0.050 0.493 0.013>
36,19,612,0.087 0.000 0.290 0.013>
36,24,671,0.000 0.065 0.470 0.023>
36,29,756,0.032 0.060 0.340 0.000>
36,34,817,~
36,39,873,0.080 0.065 0.350 0.000>
36,44,923,0.000 0.070 0.333 0.000>
36,49,241,0.050 0.025 0.292 0.080>
36,49,967,0.112 0.013 0.393 0.000>
36,54,321,0.010 0.142 0.482 0.005>
36,55,64,0.125 0.142 0.447 0.000>
36,59,416,0.055 0.060 0.412 0.000>
37,0,134,0.000 0.050 0.548 0.090>
37,4,476,0.000 0.052 0.220 0.038>
37,5,205,0.000 0.078 0.490 0.023>
37,9,516,~
37,14,578,0.013 0.000 0.450 0.030>
37,19,631,0.025 0.025 0.330 0.000>
37,24,675,0.045 0.120 0.450 0.000>
37,29,763,~
37,34,818,0.000 0.080 0.395 0.030>
37,39,879,0.125 0.000 0.477 0.013>
37,44,222,0.038 0.030 0.390 0.013>
37,44,938,~
37,49,254,0.000 0.000 0.458 0.000>
37,49,980,0.043 0.055 0.352 0.000>
37,54,333,0.000 0.030 0.400 0.000>
37,55,77,0.117 0.162 0.245 0.000>
37,59,436,0.000 0.063 0.345 0.000>
38,0,153,0.070 0.100 0.270 0.005>
38,4,493,0.000 0.000 0.438 0.000>
38,9,518,0.108 0.050 0.442 0.078>
38,14,583,0.000 0.058 0.438 0.000>
38,19,638,0.000 0.013 0.425 0.000>
38,24,688,0.000 0.147 0.385 0.000>
38,29,738,0.030 0.005 0.385 0.000>
38,34,790,0.000 0.058 0.330 0.032>
38,39,844,0.000 0.007 0.447 0.020>
38,44,899,0.005 0.135 0.380 0.000>
38,49,217,0.000 0.000 0.527 0.000>
38,49,943,~
38,54,297,0.000 0.035 0.248 0.002>
38,55,36,0.085 0.155 0.468 0.015>
38,59,393,~
39,0,106,0.127 0.007 0.340 0.043>
39,4,439,0.000 0.045 0.228 0.000>
39,5,163,0.010 0.000 0.535 0.000>
39,9,472,0.020 0.138 0.555 0.000>
39,10,197,0.010 0.000 0.530 0.000>
39,14,538,0.000 0.063 0.627 0.020>
39,19,592,~
39,24,633,0.000 0.000 0.385 0.000>
39,29,731,0.000 0.275 0.445 0.000>
39,34,788,~
39,39,845,0.110 0.055 0.335 0.000>
39,44,902,0.000 0.000 0.370 0.000>
39,49,224,0.000 0.078 0.347 0.005>
39,49,949,0.015 0.157 0.415 0.000>
39,54,297,0.020 0.155 0.515 0.120>
39,55,36,0.015 0.060 0.273 0.000>
39,59,391,0.000 0.000 0.450 0.105>
40,0,104,0.000 0.010 0.452 0.000>
40,4,429,0.000 0.085 0.305 0.000>
40,5,153,0.000 0.047 0.415 0.000>
40,9,457,~
40,10,186,0.000 0.058 0.398 0.002>
40,14,524,0.000 0.000 0.660 0.000>
40,19,581,0.080 0.117 0.445 0.030>
40,24,623,0.000 0.250 0.567 0.000>
40,29,728,~
40,34,784,0.168 0.000 0.257 0.000>
40,39,840,0.043 0.055 0.385 0.045>
40,44,894,0.000 0.162 0.327 0.000>
40,49,933,0.045 0.035 0.235 0.000>
40,54,288,0.000 0.190 0.355 0.030>
40,55,27,0.000 0.087 0.280 0.000>
40,59,386,0.000 0.132 0.310 0.038>
41,0,112,~
41,4,437,0.000 0.055 0.363 0.000>
41,5,162,0.000 0.115 0.398 0.000>
41,9,465,0.123 0.000 0.320 0.000>
41,10,195,0.000 0.072 0.407 0.000>
41,14,533,0.000 0.218 0.228 0.000>
41,19,588,0.000 0.000 0.475 0.000>
41,24,628,0.007 0.052 0.433 0.000>
41,29,728,0.132 0.030 0.480 0.000>
41,34,790,0.000 0.007 0.527 0.000>
41,39,848,~
41,44,905,0.000 0.000 0.452 0.000>
41,49,265,0.000 0.150 0.430 0.000>
41,49,990,0.043 0.050 0.348 0.000>
41,54,352,0.000 0.000 0.240 0.000>
41,55,100,0.000 0.000 0.280 0.027>
41,59,462,0.007 0.102 0.300 0.025>
42,0,178,0.027 0.147 0.270 0.002>
42,4,515,0.000 0.025 0.393 0.000>
42,9,551,0.087 0.068 0.428 0.027>
42,14,615,0.000 0.090 0.352 0.000>
42,19,669,0.000 0.000 0.545 0.000>
42,24,726,0.000 0.018 0.458 0.000>
42,29,858,0.085 0.000 0.390 0.000>
42,34,896,0.002 0.058 0.335 0.047>
42,39,223,0.072 0.000 0.395 0.000>
42,39,948,0.000 0.000 0.237 0.055>
42,44,297,0.162 0.000 0.360 0.085>
42,45,11,0.000 0.135 0.292 0.000>
42,49,374,0.027 0.038 0.420 0.007>
42,50,109,0.000 0.085 0.357 0.000>
42,54,469,0.043 0.078 0.385 0.000>
42,55,209,0.007 0.085 0.355 0.007>
42,59,580,~
43,4,681,0.127 0.147 0.333 0.000>
43,9,742,0.000 0.050 0.590 0.000>
43,14,806,0.050 0.000 0.398 0.075>
43,19,936,0.020 0.112 0.442 0.000>
43,24,281,0.013 0.000 0.440 0.040>
43,25,21,0.000 0.078 0.400 0.000>
43,29,406,0.000 0.000 0.505 0.095>
43,30,133,0.023 0.000 0.433 0.027>
43,34,498,0.112 0.145 0.407 0.000>
43,39,561,0.000 0.000 0.363 0.023>
43,44,629,0.010 0.058 0.490 0.000>
43,49,740,0.000 0.115 0.390 0.000>
43,54,835,0.162 0.150 0.395 0.000>
43,59,917,0.002 0.023 0.455 0.035>
44,4,236,0.000 0.020 0.428 0.000>
44,4,971,~
44,9,301,0.020 0.035 0.368 0.000>
44,10,26,0.013 0.055 0.382 0.000>
44,14,368,0.070 0.080 0.400 0.000>
44,15,83,0.000 0.078 0.463 0.000>
44,19,415,~
44,20,140,0.010 0.018 0.428 0.000>
44,24,455,0.000 0.205 0.438 0.000>
44,25,195,0.002 0.047 0.368 0.000>
44,29,632,0.002 0.108 0.280 0.030>
44,34,689,0.027 0.135 0.347 0.000>
44,39,772,0.023 0.078 0.347 0.015>
44,44,820,0.138 0.000 0.380 0.000>
44,49,907,0.063 0.000 0.450 0.000>
44,54,283,0.032 0.075 0.417 0.005>
44,55,23,0.038 0.000 0.407 0.070>
44,59,423,0.010 0.023 0.343 0.000>
45,0,149,0.117 0.087 0.393 0.013>
45,4,554,0.150 0.060 0.455 0.000>
45,9,630,0.027 0.058 0.375 0.063>
45,14,685,0.040 0.117 0.525 0.000>
45,19,765,0.000 0.027 0.303 0.035>
45,24,886,0.068 0.023 0.325 0.032>
45,29,270,0.000 0.020 0.460 0.020>
45,29,984,0.000 0.000 0.452 0.018>
45,34,349,0.097 0.080 0.425 0.000>
45,35,75,0.000 0.115 0.393 0.000>
45,39,429,0.000 0.030 0.400 0.007>
45,40,168,0.080 0.015 0.445 0.060>
45,44,530,0.110 0.105 0.433 0.000>
45,49,654,~
45,54,752,0.078 0.027 0.472 0.000>
45,59,930,0.020 0.063 0.335 0.000>
46,4,272,0.000 0.043 0.390 0.013>
46,4,998,0.000 0.030 0.387 0.000>
46,9,372,0.000 0.000 0.493 0.068>
46,10,98,0.108 0.002 0.350 0.000>
46,14,446,0.005 0.000 0.365 0.000>
46,15,174,0.132 0.072 0.38 0.000>
46,19,553,0.000 0.000 0.445 0.000>
46,24,636,0.000 0.038 0.470 0.000>
46,29,728,0.000 0.002 0.385 0.000>
46,34,782,0.030 0.058 0.502 0.000>
46,39,881,0.020 0.023 0.387 0.000>
46,44,266,~
46,44,981,0.000 0.120 0.507 0.000>
46,49,347,0.000 0.117 0.438 0.108>
46,50,73,0.000 0.000 0.450 0.002>
46,54,420,0.050 0.058 0.450 0.000>
46,55,159,0.000 0.040 0.352 0.000>
46,59,572,0.023 0.043 0.330 0.018>
47,4,675,0.058 0.058 0.375 0.110>
47,9,840,0.000 0.000 0.482 0.000>
47,14,230,0.063 0.102 0.345 0.000>
47,14,945,0.000 0.063 0.423 0.000>
47,19,333,0.065 0.035 0.317 0.000>
47,20,72,0.000 0.038 0.458 0.000>
47,24,460,0.015 0.020 0.410 0.000>
47,25,200,0.020 0.030 0.485 0.000>
47,29,611,0.000 0.000 0.652 0.025>
47,34,729,0.023 0.027 0.380 0.035>
47,39,845,0.055 0.000 0.352 0.000>
47,44,221,0.020 0.105 0.385 0.000>
47,44,936,0.000 0.047 0.463 0.000>
47,49,283,0.000 0.000 0.543 0.000>
47,50,25,0.072 0.050 0.465 0.000>
47,54,268,0.153 0.102 0.377 0.000>
47,55,8,0.000 0.058 0.390 0.000>
47,59,410,0.070 0.070 0.210 0.007>
48,0,137,0.000 0.000 0.310 0.000>
48,4,531,0.000 0.117 0.343 0.010>
48,9,559,0.000 0.080 0.280 0.070>
48,14,679,0.040 0.000 0.407 0.000>
48,19,825,0.025 0.015 0.400 0.000>
48,24,921,0.000 0.135 0.393 0.000>
48,29,318,0.000 0.052 0.387 0.000>
48,30,47,0.000 0.018 0.450 0.000>
48,34,434,0.000 0.132 0.433 0.032>
48,35,174,0.015 0.102 0.387 0.000>
48,39,518,0.000 0.065 0.463 0.020>
48,44,654,0.000 0.000 0.460 0.023>
48,49,767,0.000 0.000 0.445 0.045>
48,54,907,0.000 0.132 0.452 0.000>
48,59,329,0.000 0.038 0.403 0.000>
49,0,44,0.110 0.070 0.322 0.000>
49,4,440,0.000 0.018 0.382 0.000>
49,5,165,0.038 0.000 0.477 0.000>
49,9,526,0.078 0.032 0.335 0.000>
49,14,669,0.000 0.110 0.410 0.000>
49,19,769,0.000 0.040 0.377 0.000>
49,24,886,0.005 0.030 0.472 0.000>
49,29,286,0.000 0.038 0.382 0.000>
49,30,13,0.010 0.035 0.415 0.000>
49,34,415,0.055 0.117 0.382 0.000>
49,35,151,0.013 0.027 0.417 0.000>
49,39,476,0.027 0.000 0.405 0.000>
49,44,665,0.000 0.050 0.407 0.000>
49,49,789,0.135 0.023 0.325 0.000>
49,54,971,0.040 0.060 0.382 0.000<0.040 0.060 0.382 0.000>
49,59,370,0.020 0.097 0.455 0.005>
50,0,96,0.000 0.087 0.310 0.000>
50,4,493,0.052 0.078 0.632 0.000>
50,9,562,0.000 0.038 0.485 0.000>
50,14,666,0.023 0.000 0.345 0.000>
50,19,799,0.000 0.060 0.380 0.025>
50,24,932,0.000 0.108 0.403 0.000>
50,29,341,0.000 0.050 0.572 0.000>
50,30,69,0.000 0.072 0.560 0.052>
50,34,492,0.000 0.078 0.403 0.027>
50,39,570,0.000 0.045 0.400 0.020>
50,44,693,0.035 0.000 0.498 0.025>
50,49,806,0.000 0.065 0.407 0.000>
50,54,943,0.000 0.055 0.412 0.000>
50,59,342,0.000 0.058 0.417 0.032>
51,0,70,0.007 0.083 0.365 0.000>
51,4,512,0.120 0.085 0.317 0.000>
51,9,614,0.000 0.000 0.405 0.043>
51,14,740,0.000 0.108 0.468 0.020>
51,19,869,0.000 0.000 0.363 0.000>
51,24,257,0.007 0.032 0.390 0.030>
51,25,4,0.063 0.000 0.507 0.000>
51,29,416,0.000 0.020 0.393 0.095>
51,30,131,0.058 0.102 0.400 0.000>
51,34,531,0.000 0.072 0.440 0.000>
51,39,615,0.043 0.040 0.373 0.043>
51,44,743,0.010 0.000 0.285 0.000>
51,49,875,0.020 0.025 0.400 0.000>
51,54,262,0.000 0.075 0.417 0.013>
51,55,5,0.000 0.000 0.278 0.000>
51,59,440,0.095 0.000 0.450 0.000>
52,0,155,0.000 0.207 0.433 0.078>
52,4,551,0.020 0.080 0.373 0.000>
52,9,670,0.25 0.027 0.452 0.045>
52,14,784,0.030 0.047 0.480 0.100>
52,19,912,0.083 0.000 0.423 0.000>
52,24,297,0.007 0.127 0.460 0.000>
52,25,36,0.032 0.078 0.435 0.007>
52,29,447,0.058 0.063 0.398 0.000>
52,30,175,0.000 0.018 0.338 0.000>
52,34,598,0.000 0.000 0.390 0.002>
52,39,684,0.000 0.000 0.543 0.068>
52,44,789,0.063 0.257 0.350 0.020>
52,49,868,0.000 0.007 0.368 0.000>
52,54,223,0.095 0.070 0.387 0.000>
52,54,962,0.000 0.000 0.360 0.000>
52,59,355,0.000 0.035 0.510 0.000>
53,0,68,0.015 0.023 0.243 0.000>
53,4,394,0.000 0.020 0.480 0.058>
53,5,132,0.032 0.010 0.395 0.000>
53,9,463,0.010 0.018 0.385 0.000>
53,10,188,0.000 0.045 0.423 0.000>
53,14,527,0.000 0.093 0.375 0.000>
53,19,592,0.078 0.055 0.505 0.000>
53,24,749,0.010 0.000 0.347 0.000>
53,29,872,0.015 0.050 0.400 0.000>
53,34,216,0.000 0.018 0.352 0.000>
53,34,955,0.072 0.140 0.415 0.000>
53,39,328,~
53,40,73,0.000 0.038 0.347 0.000>
53,44,465,0.000 0.072 0.322 0.002>
53,45,192,0.047 0.045 0.373 0.000>
53,49,531,0.013 0.112 0.482 0.000>
53,54,633,0.030 0.087 0.357 0.020>
53,59,726,0.000 0.052 0.440 0.000>
54,4,820,0.058 0.000 0.412 0.000>
54,9,214,0.000 0.000 0.407 0.047>
54,9,952,0.050 0.045 0.345 0.000>
54,14,359,0.000 0.027 0.352 0.000>
54,15,84,0.030 0.068 0.260 0.000>
54,19,451,0.000 0.000 0.327 0.000>
54,20,177,0.000 0.018 0.410 0.043>
54,24,549,0.000 0.093 0.465 0.000>
54,29,680,0.015 0.087 0.430 0.000>
54,34,813,0.097 0.065 0.395 0.000>
54,39,914,0.000 0.013 0.482 0.000>
54,44,321,0.000 0.000 0.395 0.000>
54,45,35,0.020 0.047 0.290 0.000>
54,49,434,0.000 0.000 0.445 0.002>
54,50,173,0.047 0.000 0.495 0.000>
54,54,540,0.027 0.207 0.400 0.000>
54,59,644,0.000 0.087 0.445 0.000>
55,4,761,0.000 0.045 0.343 0.000>
55,9,871,0.000 0.068 0.442 0.000>
55,14,920,0.138 0.157 0.423 0.000>
55,19,279,0.000 0.075 0.282 0.00>
55,20,4,0.000 0.055 0.390 0.000>
55,24,376,0.000 0.155 0.333 0.000>
55,25,120,0.063 0.030 0.398 0.000>
55,29,494,0.078 0.052 0.345 0.000>
55,34,610,0.000 0.000 0.488 0.055>
55,39,745,0.000 0.000 0.500 0.055>
55,44,831,0.023 0.050 0.308 0.000>
55,49,924,0.000 0.050 0.360 0.000>
55,54,330,0.025 0.075 0.385 0.000<0.025 0.075 0.385 0.000>
55,55,69,0.000 0.090 0.375 0.000>
55,59,484,0.000 0.047 0.375 0.000>
56,4,604,0.030 0.087 0.320 0.000>
56,9,659,0.050 0.005 0.350 0.072>
56,14,770,0.063 0.063 ÿ0.442 0.000>
56,19,876,0.000 0.045 0.390 0.000>
56,24,225,0.000 0.043 0.435 0.020>
56,24,965,0.027 0.065 0.400 0.000>
56,29,347,0.000 0.075 0.330 0.000>
56,30,79,0.000 0.065 0.287 0.045>
56,34,487,0.000 0.065 0.343 0.058>
56,39,603,0.000 0.015 0.440 0.000>
56,44,736,0.068 0.095 0.375 0.000>
56,49,835,0.000 0.035 0.350 0.000>
56,54,223,0.038 0.028 0.390 0.000>
56,54,962,0.000 0.063 0.338 0.000>
56,59,413,0.002 0.030 0.420 0.000>
57,0,140,0.000 0.013 0.347 0.002>
57,4,548,0.000 0.000 0.290 0.000>
57,9,623,0.000 0.045 0.368 0.000>
57,14,716,0.055 0.160 0.527 0.000>
57,19,825,0.000 0.072 0.417 0.000>
57,24,294,0.000 0.032 0.495 0.007>
57,25,33,0.000 0.032 0.468 0.000>
57,29,449,0.002 0.087 0.417 0.000>
57,30,176,0.013 0.032 0.333 0.000>
57,34,599,0.015 0.030 0.407 0.000>
57,39,726,0.080 0.123 0.400 0.000>
57,44,883,0.000 0.000 0.405 0.000>
57,49,259,0.000 0.123 0.420 0.002>
57,49,998,0.000 0.018 0.350 0.000>
57,54,555,0.000 0.045 0.442 0.000>
57,59,664,0.000 0.000 0.298 0.045>
58,4,792,0.000 0.000 0.438 0.038>
58,9,873,0.000 0.023 0.433 0.038>
58,14,283,0.000 0.030 0.352 0.000>
58,15,11,0.000 0.093 0.380 0.000>
58,19,392,0.000 0.010 0.415 0.025>
58,20,131,0.018 0.043 0.373 0.000>
58,24,503,0.170 0.030 0.290 0.000>
58,29,647,0.000 0.207 0.410 0.000>
58,34,768,0.000 0.030 0.340 0.000>
58,39,860,0.000 0.095 0.308 0.000>
58,44,257,0.047 0.018 0.327 0.060>
58,44,973,0.000 0.112 0.535 0.000>
58,49,458,0.000 0.052 0.393 0.000<0.000 0.052 0.393 0.000<0.000 0.052 0.393 0.000>
58,50,196,0.018 0.010 0.460 0.013>
58,54,639,0.000 0.172 0.405 0.000>
58,59,736,0.055 0.000 0.360 0.000>
59,4,857,0.013 0.025 0.355 0.000>
59,9,243,0.000 0.138 0.463 0.000>
59,9,968,0.000 0.065 0.365 0.000>
59,14,368,0.000 0.032 0.357 0.000>
59,15,95,0.000 0.125 0.303 0.000>
59,19,491,0.000 0.025 0.350 0.000>
59,24,578,0.000 0.058 0.498 0.013>
59,29,710,0.000 0.000 0.350 0.000>
59,34,823,0.000 0.045 0.352 0.000>
59,39,219,0.065 0.032 0.355 0.000>
59,39,958,0.000 0.063 0.298 0.002>
59,44,369,0.040 0.065 0.375 0.002>
59,45,83,0.000 0.015 0.345 0.000>
59,49,467,0.007 0.000 0.468 0.000>
59,50,192,0.000 0.013 0.333 0.000>
59,54,585,0.000 0.058 0.395 0.018>
59,59,725,0.000 0.005 0.340 0.052>
60,4,842,0.000 0.105 0.330 0.000>
60,9,240,0.000 0.023 0.355 0.000>
60,9,978,0.000 0.000 0.340 0.000>
60,14,367,0.000 0.020 0.420 0.000>
60,15,100,0.000 0.127 0.463 0.000>
60,19,504,0.162 0.030 0.393 0.000>
60,24,663,0.000 0.070 0.405 0.000>
60,29,790,0.000 0.072 0.420 0.000>
60,34,927,0.020 0.085 0.398 0.000>
60,39,318,0.000 0.093 0.470 0.000>
60,40,57,0.000 0.055 0.352 0.000>
60,44,454,0.000 0.060 0.398 0.000>
60,45,181,0.010 0.043 0.345 0.000>
60,49,580,~
60,54,700,0.020 0.105 0.380 0.000>
60,59,820,0.023 0.093 0.280 0.020>
61,4,932,0.000 0.072 0.415 0.000>
61,9,305,0.000 0.043 0.447 0.000>
61,10,44,0.023 0.038 0.350 0.007>
61,14,468,0.000 0.032 0.300 0.052>
61,15,183,~
61,19,550,0.005 0.093 0.365 0.000>
61,24,654,0.085 0.018 0.373 0.000>
61,29,785,~
61,34,917,0.000 0.072 0257 0.018>
61,39,298,0.000 0.038 0.313 0.000>
61,40,27,0.000 0.078 0.360 0.000>
61,44,438,0.000 0.000 0.405 0.007>
61,45,166,0.000 0.047 0.340 0.000>
61,49,588,0.000 0.000 0.248 0.000>
61,54,699,0.000 0.013 0.357 0.005>
61,59,822,0.000 0.050 0.350 0.000>
62,4,943,0.000 0.045 0.343 0.025>
62,9,315,0.002 0.055 0.340 0.000>
62,10,44,0.000 0.000 0.417 0.030>
62,14,427,0.000 0.027 0.387 0.000>
62,15,142,~
62,19,545,0.000 0.083 0.385 0.025>
62,24,640,0.000 0.000 0.460 0.000>
62,29,760,0.000 0.010 0.377 0.002>
62,34,894,0.058 0.040 0.327 0.000>
62,39,292,0.000 0.040 0.357 0.000>
62,40,17,0.025 0.002 0.333 0.000>
62,44,410,0.000 0.018 0.352 0.058>
62,45,137,0.000 0.018 0.475 0.065>
62,49,588,0.000 0.038 0.477 0.000>
62,54,724,0.045 0.027 0.352 0.035>
62,59,835,0.000 0.102 0.417 0.000>
63,4,218,0.072 0.102 0.398 0.000>
63,4,957,0.000 0.045 0.465 0.000>
63,9,414,0.032 0.023 0.410 0.000>
63,10,154,0.005 0.132 0.428 0.000>
63,14,546,0.000 0.047 0.380 0.025>
63,19,694,0.007 0.032 0.355 0.000>
63,24,831,0.000 0.018 0.377 0.005>
63,29,310,0.000 0.030 0.365 0.000<0.000 0.030 0.365 0.000>
63,30,25,0.013 0.005 0.327 0.000>
63,34,408,0.000 0.010 0.455 0.000>
63,35,151,0.000 0.110 0.325 0.000>
63,39,525,0.000 0.000 0.350 0.013>
63,44,683,0.010 0.045 0.327 0.035>
63,49,815,0.018 0.035 0.355 0.000>
63,54,215,0.007 0.025 0.407 0.000>
63,54,954,0.015 0.078 0.463 0.000>
63,59,378,0.000 0.045 0.423 0.030>
64,0,106,0.000 0.000 0.423 0.000>
64,4,514,0.000 0.038 0.530 0.000>
64,9,624,0.060 0.078 0.455 0.023>
64,14,746,0.000 0.007 0.425 0.000>
64,19,898,0.055 0.058 0.360 0.000>
64,24,298,0.055 0.000 0.395 0.007>
64,25,37,0.005 0.023 0.380 0.000>
64,29,446,0.030 0.015 0.458 0.027>
64,30,174,0.000 0.040 0.455 0.000>
64,34,581,0.058 0.138 0.368 0.000>
64,39,706,0.025 0.030 0.393 0.000>
64,44,836,0.000 0.000 0.322 0.007>
64,49,237,0.075 0.032 0.347 0.000>
64,49,964,0.000 0.150 0.335 0.000>
64,54,376,0.078 0.075 0.343 0.000>
64,55,115,0.000 0.083 0.377 0.000>
64,59,525,0.000 0.150 0.395 0.000>
65,4,709,0.000 0.025 0.333 0.000>
65,9,852,0.045 0.045 0.507 0.000>
65,14,266,0.043 0.052 0.438 0.000>
65,14,993,0.075 0.027 0.395 0.045>
65,19,380,0.000 0.045 0.325 0.000>
65,20,118,0.000 0.038 0.310 0.000>
65,24,495,0.000 0.055 0.377 0.000>
65,29,654,0.070 0.045 0.377 0.000>
65,34,789,0.020 0.085 0.345 0.000>
65,39,924,0.043 0.023 0.398 0.000>
65,44,347,0.035 0.060 0.320 0.000>
65,45,75,0.000 0.000 0.347 0.000>
65,49,486,0.055 0.203 0.440 0.000>
65,54,610,0.007 0.035 0.398 0.000>
65,59,733,0.000 0.000 0.363 0.000>
66,4,882,0.000 0.068 0.322 0.005>
66,9,280,0.007 0.050 0.335 0.000>
66,10,18,0.000 0.047 0.387 0.000>
66,14,441,0.030 0.085 0.468 0.000>
66,15,168,0.000 0.000 0.512 0.035>
66,19,592,0.000 0.115 0.365 0.013>
66,24,727,0.000 0.040 0.403 0.000>
66,29,863,0.000 0.047 0.303 0.065>
66,34,319,0.007 0.013 0.380 0.000>
66,35,44,0.000 0.025 0.343 0.000>
66,39,445,0.000 0.068 0.350 0.000>
66,40,183,0.030 0.038 0.373 0.000>
66,44,607,0.005 0.020 0.330 0.000>
66,49,754,0.000 0.108 0.340 0.018>
66,54,891,0.052 0.140 0.225 0.013>
66,59,302,0.000 0.013 0.403 0.000>
67,0,30,0.000 0.035 0.360 0.000>
67,4,497,0.000 0.030 0.363 0.000<0.000 0.030 0.363 0.000>
67,9,617,0.000 0.015 0.322 0.000>
67,14,739,0.013 0.007 0.407 0.000>
67,19,889,0.000 0.032 0.335 0.010>
67,24,291,0.010 0.052 0.322 0.000>
67,25,37,0.000 0.027 0.393 0.000>
67,29,456,0.075 0.038 0.315 0.000>
67,30,183,0.000 0.032 0.347 0.000>
67,34,580,0.000 0.000 0.435 0.005>
67,39,715,0.000 0.087 0.390 0.018>
67,44,850,0.000 0.000 0.425 0.000>
67,49,312,0.085 0.070 0.303 0.000<0.085 0.070 0.303 0.000>
67,50,51,0.035 0.058 0.282 0.000>
67,54,441,0.035 0.060 0.417 0.038>
67,55,184,0.072 0.002 0.387 0.000>
67,59,604,0.040 0.000 0.428 0.000>
68,4,815,0.027 0.070 0.387 0.000>
68,9,210,0.000 0.093 0.463 0.000>
68,9,950,0.015 0.000 0.423 0.000>
68,14,371,0.013 0.000 0.410 0.000>
68,15,97,0.000 0.078 0.330 0.015>
68,19,572,0.020 0.047 0.393 0.023>
68,24,774,0.000 0.050 0.393 0.000>
68,29,907,0.032 0.115 0.390 0.027>
68,34,308,0.000 0.087 0.333 0.000>
68,35,48,0.000 0.040 0.335 0.000>
68,39,450,0.010 0.025 0.300 0.000>
68,40,188,0.000 0.007 0.343 0.000>
68,44,611,0.018 0.000 0.315 0.023>
68,49,752,0.000 0.000 0.458 0.000>
68,54,896,0.000 0.075 0.375 0.000>
68,59,324,0.000 0.043 0.327 0.000>
69,0,52,0.000 0.072 0.320 0.030>
69,4,524,0.000 0.070 0.403 0.000>
69,9,649,0.005 0.060 0.320 0.000>
69,14,848,0.005 0.052 0.387 0.000>
69,19,246,0.000 0.025 0.350 0.000>
69,19,985,0.000 0.065 0.335 0.000>
69,24,394,0.040 0.023 0.322 0.000>
69,25,132,0.043 0.038 0.295 0.000>
69,29,549,0.025 0.050 0.463 0.000>
69,34,696,0.000 0.083 0.340 0.000>
69,39,842,0.000 0.025 0.412 0.035>
69,44,260,0.030 0.110 0.370 0.000>
69,44,992,0.000 0.023 0.322 0.000>
69,49,390,0.000 0.000 0.315 0.000>
69,50,129,0.000 0.075 0.412 0.000>
69,54,521,0.015 0.010 0.273 0.030>
69,59,685,0.000 0.068 0.405 0.000>
70,4,834,0.007 0.000 0.347 0.000>
70,9,234,0.000 0.020 0.280 0.000>
70,9,972,0.000 0.015 0.387 0.000>
70,14,395,0.000 0.030 0.445 0.000>
70,15,121,0.000 0.045 0.322 0.000>
70,19,546,0.023 0.032 0.442 0.000>
70,24,681,0.000 0.085 0.390 0.025>
70,29,817,0.000 0.030 0.375 0.000>
70,34,269,0.035 0.000 0.442 0.015>
70,35,8,0.000 0.060 0.345 0.000>
70,39,412,0.013 0.000 0.363 0.000>
70,40,150,0.000 0.095 0.320 0.000>
70,44,578,0.000 0.127 0.317 0.007>
70,49,731,0.000 0.087 0.393 0.000>
70,54,877,0.000 0.063 0.370 0.030>
70,59,302,0.030 0.000 0.465 0.038>
71,0,31,0.000 0.065 0.420 0.000>
71,4,510,0.000 0.000 0.305 0.005>
71,9,635,0.000 0.100 0.452 0.000>
71,14,769,0.070 0.005 0.380 0.000>
71,19,920,0.015 0.035 0.377 0.000>
71,24,337,0.000 0.065 0.360 0.000>
