[354 355 353 354 354 353 353 355 354 354 353 352 353 352 357 354 354 349
 349 354 352 353 353 351 349 349 350 349 348 349 348 351 349 348 349 348
 347 347 347 349 347 346 348 348 347 347 346 346 346 346 347 346 345 347
 345 346 345 344 345 345 344 344 345 345 347 345 346 342 341 340 342 341
 340 342 342 342 342 342 342 342 341 341 341 343 341 341 342 341 342 341
 341 342 342 341 340 341 341 340 340 340 341 339 339 341 342 340 341 340
 341 340 342 341 341 341 341 339 340 337 334 334 334 334 334 334 335 337
 338 335 334 334 334 334 334 334 334 334 335 334 334 334 334 334 334 334
 334 335 335 336 335 335 335 335 335 335 335 334 334 335 335 335 335 334
 334 334 335 335 335 335 334 333 332 332 333 333 332 332 332 333 332 332
 333 332 333 333 333 333 332 333 333 332 332 332 333 333 333 333 333 333
 333 333 333 333 333 333 333 333 333 333 334 333 334 334 334 334 334 334
 335 333 333 333 333 333 333 334 335 335 335 335 336 334 334 334 335 334
 335 335 335 336 334 334 335 336 335 335 333 335 334 336 336 336 337 338
 338 338 338 337 337 336 337 338 339 337 337 338 339 339 339 339 339 339
 339 339 337 338 339 339 339 339 338 338 340 340 339 340 341 343 341 341
 341 342 342 342 343 343 343 343 342 341 341 342 343 343 344 342 342 342
 344 343 343 344 344 343 343 342 344 344 345 345 345 345 345 346 347 350
 351 349 350 350 351 351 352 351 352 349 350 352 350 352 352 355 354 353
 353 354 354 353 355 356 354 356 356 356 355 355 355 356 356 356 356 355
 357 357 357 356 358 357 356 356 357 357 357 356 358 363 362], time=4.924777984619141 

[355 354 353 354 354 351 351 352 349 352 352 351 352 352 351 353 348 348
 347 349 349 352 350 351 348 347 350 348 348 346 350 348 347 347 346 347
 346 346 347 347 345 345 346 346 345 346 345 345 345 345 345 344 345 343
 343 345 344 343 345 344 344 344 344 345 343 344 345 344 342 341 341 341
 340 341 341 341 341 342 342 341 341 341 341 341 342 340 341 341 340 339
 339 340 341 340 340 341 340 339 339 340 341 341 339 341 339 339 339 339
 340 334 341 342 338 340 340 336 334 333 334 333 334 333 333 335 334 334
 335 334 333 333 333 333 334 333 333 334 334 334 334 334 334 334 334 334
 334 334 335 336 334 334 334 334 333 333 333 334 333 333 333 333 333 333
 333 334 335 332 335 335 333 334 332 332 333 333 332 332 333 333 332 332
 332 332 333 333 333 333 332 333 333 332 332 332 333 333 333 333 333 333
 333 333 333 333 333 333 333 333 333 333 333 334 333 335 334 333 333 333
 334 334 334 334 334 334 334 335 335 335 336 336 335 335 335 335 336 335
 335 336 336 334 335 336 336 335 336 335 337 336 336 337 336 339 339 338
 337 337 336 338 337 338 338 338 338 337 337 339 339 339 339 340 340 339
 339 339 338 338 339 340 340 339 340 339 341 340 340 341 342 340 340 342
 341 342 343 344 342 342 342 343 344 343 343 343 344 345 344 344 345 345
 344 345 344 344 344 344 345 344 344 345 346 346 345 346 346 348 350 349
 351 352 355 352 352 352 353 352 353 351 354 352 353 353 353 353 354 354
 356 354 355 354 357 357 358 357 357 358 358 357 357 357 356 356 356 358
 358 357 358 358 358 359 358 358 359 358 358 359 357 363 364], time=9.465236186981201 

[354 352 349 353 355 353 352 347 349 345 348 352 350 352 353 349 347 348
 348 348 348 348 349 348 347 347 346 347 344 348 348 346 346 347 346 346
 346 345 344 347 344 344 345 345 345 344 344 344 343 343 343 342 343 343
 343 343 344 344 343 343 344 342 342 342 343 343 341 342 340 339 339 339
 340 339 339 340 339 338 339 340 340 338 338 339 340 339 340 340 340 338
 338 339 340 338 338 338 339 339 338 339 338 339 335 338 338 337 338 338
 334 335 335 336 337 335 335 336 337 336 336 334 333 333 333 333 335 338
 338 333 332 331 333 332 333 332 332 333 334 333 333 333 334 333 333 334
 334 333 333 334 334 333 333 333 334 333 334 333 334 334 334 334 332 333
 333 333 334 334 334 334 334 333 333 333 333 333 333 333 333 334 333 333
 333 332 333 333 333 333 332 333 333 332 332 332 333 333 333 333 333 333
 333 333 333 333 333 333 334 333 333 333 334 335 335 334 334 334 334 334
 335 335 335 335 336 335 335 336 335 335 335 336 336 335 334 335 336 335
 335 335 336 336 336 335 335 336 335 336 336 336 336 336 337 337 338 337
 337 337 337 337 338 337 338 338 339 339 339 340 340 341 341 340 341 341
 341 340 341 341 341 341 339 340 342 342 342 342 341 344 344 343 344 344
 343 343 343 344 345 344 344 344 344 345 345 345 345 346 346 346 344 345
 346 345 346 346 345 346 346 345 345 345 348 348 347 348 348 348 350 351
 352 353 353 353 353 354 354 353 355 355 353 354 356 355 355 356 357 356
 355 357 355 356 356 357 359 358 359 357 359 358 358 360 357 358 357 360
 360 360 360 360 360 360 359 360 364 363 360 363 362 363 363], time=14.017758131027222 

[349 348 348 348 348 351 351 347 347 348 347 350 349 349 350 349 347 343
 343 347 349 349 349 349 346 344 343 344 344 345 345 344 346 344 344 344
 344 343 343 345 344 343 343 343 343 343 342 343 343 342 342 343 343 343
 343 343 343 342 343 343 342 342 342 342 341 343 342 341 338 338 337 337
 338 339 339 339 338 339 339 339 339 338 338 339 340 339 338 338 338 338
 338 339 339 338 338 338 337 338 338 338 336 335 333 336 337 338 338 338
 338 338 337 339 336 336 337 335 337 334 334 332 331 331 330 333 332 333
 333 333 333 331 333 332 333 332 332 333 333 332 332 333 332 332 332 335
 335 333 333 334 335 333 333 333 332 332 332 333 334 334 334 334 334 332
 333 333 334 334 334 334 333 333 333 334 332 332 332 333 333 332 334 333
 333 332 333 333 333 333 332 333 333 332 332 332 333 333 333 333 333 333
 333 333 333 333 334 333 333 332 333 333 334 334 334 334 335 335 335 335
 334 334 334 334 335 335 335 335 336 336 336 336 336 335 335 336 337 336
 337 336 337 335 336 336 337 336 337 336 337 337 337 337 338 339 340 339
 339 339 340 340 338 339 338 339 340 339 341 341 341 340 341 341 341 342
 342 342 341 341 342 341 341 342 343 343 343 342 344 345 344 344 344 344
 345 345 344 345 346 344 344 346 345 345 345 345 346 346 346 346 346 347
 346 347 346 346 346 346 348 347 347 347 348 350 350 350 351 350 351 351
 353 353 353 353 354 355 355 356 355 355 357 355 357 356 356 358 356 356
 356 357 357 358 358 358 359 360 359 359 360 360 360 359 359 360 360 361
 360 361 362 362 362 361 362 364 363 362 362 363 362 365 367], time=18.752701997756958 

[347 348 347 347 348 349 349 347 347 347 347 346 347 346 351 348 348 343
 343 348 348 346 348 344 343 345 343 342 342 343 344 342 341 342 343 342
 341 341 341 342 342 343 342 341 342 341 342 342 342 342 342 341 342 341
 341 342 341 341 341 341 340 340 340 341 341 343 340 339 337 338 338 337
 336 338 338 338 338 338 338 338 338 337 337 339 337 337 338 337 338 338
 338 338 339 336 336 337 337 336 336 337 334 332 332 335 337 337 338 337
 336 336 336 339 337 333 333 335 333 331 331 332 330 331 331 331 331 332
 332 331 330 330 330 332 332 332 332 332 332 332 331 333 331 332 333 334
 334 332 332 333 334 332 332 333 332 330 330 332 333 333 333 333 332 332
 332 333 334 334 334 334 333 333 332 334 332 331 332 332 333 332 334 333
 333 333 333 333 333 333 332 333 333 332 332 332 333 333 333 333 333 333
 333 333 334 334 334 334 334 334 333 333 334 335 334 334 335 334 334 334
 333 333 333 335 335 335 335 335 336 337 337 337 337 336 337 337 336 337
 336 337 337 338 336 336 337 338 337 337 335 337 336 338 338 338 339 340
 340 340 340 339 339 338 339 340 340 339 339 341 341 341 341 341 342 341
 341 341 340 341 341 342 342 342 343 344 344 344 343 344 345 347 345 345
 345 346 346 346 347 347 347 347 346 345 345 347 347 347 348 346 348 347
 348 347 349 349 350 349 348 347 348 348 349 350 349 350 350 351 352 353
 355 356 356 357 356 356 356 356 356 356 355 356 358 358 358 360 360 357
 358 360 359 359 361 360 362 362 362 361 361 364 364 362 362 362 362 361
 363 363 362 362 364 365 364 364 364 364 363 364 363 364 370], time=23.346325159072876 

[348 347 346 348 347 347 347 347 345 343 345 345 346 345 344 345 343 341
 341 341 342 344 343 345 341 343 343 342 341 343 344 342 339 341 342 340
 342 341 341 341 341 341 340 341 341 341 340 340 339 338 339 339 340 338
 339 340 339 339 339 340 340 340 340 340 340 339 339 340 337 337 337 337
 336 337 337 337 337 338 338 338 337 337 337 337 338 337 337 337 338 337
 337 337 338 336 336 336 336 337 336 336 335 333 333 336 337 337 337 338
 335 331 333 333 335 334 334 335 332 332 332 330 331 331 331 331 331 331
 331 331 331 331 331 331 332 331 331 331 332 331 331 332 331 331 332 334
 334 334 332 332 333 333 333 333 332 332 332 332 333 333 333 333 332 331
 331 332 333 333 332 334 334 331 331 331 332 333 332 332 333 332 334 334
 332 334 333 333 333 333 332 333 333 332 332 332 333 333 333 333 333 333
 333 333 335 335 335 334 333 333 334 333 333 334 335 336 335 335 334 334
 336 335 335 336 336 336 336 336 337 337 337 337 337 337 336 337 337 338
 337 337 337 337 337 338 337 338 337 337 337 338 338 338 338 339 341 340
 338 340 339 339 340 340 341 340 341 341 341 342 342 342 342 342 343 344
 342 343 341 341 342 342 343 343 343 344 344 344 343 345 345 345 346 345
 347 345 347 347 347 346 346 346 347 348 348 348 349 348 349 348 349 349
 348 350 349 349 349 350 349 350 349 350 351 352 351 351 351 354 356 355
 355 358 357 358 357 358 356 356 357 357 357 359 359 359 359 359 362 360
 361 363 360 359 362 362 363 363 363 364 363 362 364 364 364 363 363 363
 364 364 364 366 365 366 364 366 367 367 369 369 368 370 372], time=27.87758994102478 

[345 345 348 347 345 341 347 340 340 341 342 343 341 340 342 342 341 341
 341 341 341 343 341 344 345 342 343 343 340 343 342 340 339 340 338 340
 340 338 338 339 340 340 339 339 340 339 339 338 338 338 336 338 338 337
 337 338 337 338 338 336 338 336 336 338 339 339 338 338 336 335 335 335
 336 335 335 336 335 334 335 336 336 336 336 336 335 335 337 336 336 337
 337 337 336 334 333 334 334 334 334 335 332 332 332 332 337 336 337 337
 334 335 333 336 336 336 336 333 333 330 329 329 329 329 329 330 332 334
 334 332 331 330 330 330 330 330 330 331 332 332 332 332 332 332 332 331
 332 332 333 333 334 334 334 333 333 330 330 332 333 333 333 332 332 332
 332 333 333 333 332 333 333 332 332 332 332 333 332 332 333 332 334 334
 332 334 333 333 333 333 332 333 333 332 332 332 333 332 332 333 333 333
 333 334 336 336 336 335 334 334 334 333 333 334 334 335 334 334 334 334
 334 334 334 335 337 337 337 337 336 336 336 337 337 337 336 338 337 338
 337 338 337 337 338 337 337 337 338 339 337 338 337 338 339 339 339 340
 339 341 340 341 341 342 340 341 341 342 342 342 343 343 343 343 343 345
 345 343 341 343 343 342 343 343 344 344 346 344 347 345 348 348 348 348
 347 346 347 347 349 348 348 349 348 349 349 350 349 349 349 350 349 350
 350 350 351 351 351 352 352 352 352 351 353 353 353 354 355 355 356 357
 356 357 357 357 359 359 358 359 359 359 359 360 361 359 361 361 363 362
 362 363 361 362 361 363 364 364 365 364 365 366 366 364 365 366 364 365
 365 365 366 366 366 367 367 369 370 370 370 371 370 371 371], time=32.41633462905884 

[342 342 341 340 341 340 340 340 342 340 342 343 341 342 342 344 339 336
 336 343 342 343 344 342 339 339 339 339 337 338 337 338 338 339 338 339
 338 339 339 339 339 337 338 338 338 339 338 337 337 337 337 337 338 336
 336 337 338 337 337 337 336 337 334 337 337 338 338 338 335 334 334 334
 334 335 335 335 334 335 335 335 335 336 334 335 335 334 334 334 336 335
 335 336 334 333 333 333 334 333 333 333 332 331 331 332 332 334 332 332
 332 331 331 332 335 333 333 334 335 331 332 332 329 329 329 333 331 332
 332 330 331 330 329 330 329 331 331 330 332 331 331 331 331 330 330 333
 332 333 333 331 334 334 331 333 332 330 330 332 332 333 332 332 332 332
 332 333 333 333 333 333 332 332 332 332 332 333 332 332 333 332 334 334
 332 332 333 333 333 333 332 333 333 332 332 332 333 332 332 333 333 333
 333 334 335 335 335 335 334 334 334 334 333 334 335 336 335 334 334 334
 334 334 334 335 336 336 336 337 337 337 337 338 337 337 337 337 338 338
 339 339 338 337 338 338 339 339 338 338 338 337 339 339 340 341 342 342
 342 342 342 341 341 342 341 342 342 342 341 342 343 343 344 344 345 345
 345 344 344 344 345 344 346 345 345 347 347 346 348 348 347 349 348 349
 348 349 349 350 349 348 348 349 349 350 351 350 351 350 350 350 351 352
 350 352 351 352 352 353 353 353 352 354 353 354 354 354 355 356 357 357
 358 358 358 360 361 360 359 360 362 362 362 360 362 362 362 363 365 365
 364 367 366 365 363 365 367 366 365 364 366 367 367 367 366 367 367 366
 367 368 367 367 369 369 370 370 371 371 372 371 370 371 373], time=36.965404748916626 

[341 341 341 339 337 337 337 340 341 336 338 340 341 340 338 341 341 334
 334 337 341 341 342 338 338 336 338 337 337 337 337 337 338 338 337 337
 338 337 337 336 337 337 336 338 337 337 337 336 336 335 335 336 336 336
 334 337 335 335 336 335 335 336 333 334 337 338 339 338 334 334 334 333
 332 334 334 334 334 334 334 334 334 335 335 335 334 333 332 334 334 334
 334 335 334 334 334 333 334 333 333 333 332 330 330 331 331 332 332 331
 331 330 330 334 332 330 330 331 332 329 329 330 328 328 328 328 328 329
 329 329 329 327 329 330 331 330 330 330 330 330 330 330 330 329 330 332
 332 331 332 332 332 332 332 333 331 330 330 331 331 331 331 333 331 331
 331 332 333 331 331 331 332 331 331 331 332 332 332 332 333 332 334 334
 332 332 333 332 333 332 332 333 333 332 332 332 332 333 333 333 333 333
 333 335 334 334 334 334 335 334 334 333 333 333 334 335 335 334 334 334
 334 334 334 335 336 336 337 337 336 337 339 338 337 337 336 337 338 339
 339 338 339 338 339 338 339 339 339 338 338 337 339 340 340 342 341 342
 343 343 341 340 341 341 342 341 342 341 341 343 344 344 344 344 345 346
 344 345 345 343 344 345 345 345 346 346 347 349 349 348 349 349 347 349
 349 348 350 349 350 349 349 350 352 352 353 351 352 351 352 352 352 352
 353 352 353 353 353 354 354 354 354 354 354 355 356 356 357 358 358 359
 362 361 360 361 362 361 361 360 362 362 362 363 364 364 364 365 364 363
 365 363 366 365 367 366 368 368 368 367 369 369 369 369 369 368 368 369
 370 369 368 368 370 370 369 370 370 371 372 371 371 375 376], time=41.52340841293335 

[340 340 338 340 340 336 336 336 335 335 335 337 339 338 338 339 336 332
 332 335 336 338 338 338 337 337 336 338 335 336 336 337 337 336 337 336
 335 337 337 336 335 334 335 336 337 336 336 335 335 334 335 334 334 334
 333 333 334 334 334 334 334 334 334 335 336 335 336 335 333 333 333 332
 333 333 332 333 334 334 334 333 333 334 332 334 333 333 332 333 333 334
 334 333 333 331 331 333 333 334 333 332 331 330 329 330 332 331 332 331
 330 331 331 329 333 332 333 330 330 330 330 329 328 328 328 329 328 328
 328 329 327 327 329 329 330 329 329 329 330 330 329 330 330 329 329 331
 331 330 330 331 331 331 331 331 331 330 331 330 331 331 331 331 331 331
 331 330 333 331 331 331 332 331 331 331 332 332 332 332 332 332 332 333
 332 332 333 333 333 332 332 333 333 332 332 332 332 333 333 333 333 333
 333 335 334 334 334 335 335 334 333 334 334 334 334 335 336 335 335 335
 335 336 337 337 337 338 338 338 338 338 338 339 338 338 339 339 339 339
 339 339 339 340 339 339 340 341 341 339 340 340 340 340 341 342 342 342
 343 343 343 343 344 343 344 343 343 344 343 344 345 345 345 344 345 346
 346 345 346 344 345 345 345 346 346 347 347 348 348 348 348 350 349 349
 349 348 349 350 351 351 351 352 351 352 353 352 353 353 353 353 353 354
 355 353 354 355 355 355 355 356 355 355 356 357 357 357 358 359 361 361
 362 365 364 364 364 363 361 362 363 363 364 365 366 366 366 367 365 366
 366 367 369 367 369 367 367 368 369 369 368 370 371 369 370 369 371 370
 369 371 369 372 371 372 372 371 372 373 372 373 373 375 376], time=46.08135628700256 

[339 339 336 336 335 336 335 336 336 334 334 336 334 335 334 334 333 332
 332 333 337 337 336 338 335 335 335 334 334 331 332 332 336 335 333 331
 336 336 334 334 335 334 335 334 335 335 336 334 334 333 333 332 332 332
 332 333 332 333 332 332 333 333 333 334 334 334 334 335 332 330 331 332
 331 331 331 331 332 331 331 332 332 333 333 332 331 330 332 331 332 333
 333 331 331 332 332 331 331 332 333 330 329 329 329 330 330 330 330 330
 328 329 329 332 331 331 331 330 330 328 328 328 327 327 327 327 329 331
 331 330 328 329 329 328 329 328 328 330 329 329 328 329 330 329 330 331
 331 330 330 331 331 331 331 331 331 330 330 330 331 332 332 330 331 331
 331 330 331 331 331 331 331 331 331 331 331 331 331 332 333 332 332 333
 332 332 333 333 333 332 332 333 333 332 332 332 332 333 333 332 333 333
 333 334 334 334 334 334 336 334 335 334 334 333 334 334 335 337 337 337
 335 335 337 338 337 338 338 338 338 338 338 338 338 338 338 338 340 340
 339 339 339 339 340 339 340 340 339 341 339 340 340 339 341 342 341 343
 344 344 343 342 344 343 343 342 344 344 343 344 346 345 345 346 347 348
 346 347 347 347 345 346 346 347 348 347 348 348 350 348 348 348 349 349
 349 350 350 350 352 351 351 352 353 354 353 354 354 354 355 355 355 355
 356 355 356 355 354 355 357 355 356 356 356 357 359 358 360 360 359 362
 363 364 364 363 364 365 364 365 364 364 365 366 366 366 366 367 369 369
 369 368 368 369 368 367 369 370 370 371 371 371 371 372 372 370 371 373
 373 372 373 374 373 373 373 374 374 375 376 376 375 376 378], time=50.63798642158508 

[336 336 334 334 332 331 332 332 334 335 332 334 334 334 333 333 333 332
 332 332 336 336 337 336 336 333 333 333 333 331 331 332 332 332 332 333
 331 330 332 331 333 331 332 332 333 334 333 332 333 331 331 332 332 331
 328 331 332 332 331 332 333 333 332 334 333 335 335 333 331 331 331 331
 330 329 330 331 330 331 331 330 330 330 329 330 330 330 330 330 332 332
 332 330 331 329 329 330 330 332 332 330 328 328 328 329 330 330 330 329
 328 330 330 331 329 330 330 330 329 329 327 327 328 326 328 328 329 329
 332 331 328 326 328 328 328 329 329 329 330 329 329 329 329 329 331 331
 331 330 331 331 332 332 332 331 331 330 330 331 331 332 332 330 331 331
 331 330 331 330 330 331 331 331 331 331 330 331 331 332 332 332 332 332
 333 332 332 333 333 332 332 333 333 332 332 332 332 333 333 332 333 334
 334 334 334 334 334 334 336 335 334 334 334 335 335 335 335 335 335 335
 336 336 336 337 337 338 338 338 338 337 337 339 339 339 337 339 340 340
 341 340 340 339 340 341 341 341 341 341 341 341 341 341 342 343 344 344
 344 344 345 345 345 344 345 344 345 344 346 346 346 346 347 347 347 347
 347 347 347 347 348 347 347 348 349 349 349 350 351 351 352 350 350 351
 351 352 352 353 353 353 353 353 354 355 355 354 355 355 356 356 357 357
 355 356 356 357 357 357 357 357 358 357 358 359 359 360 361 361 361 363
 365 365 364 364 365 366 364 365 367 368 368 366 367 368 368 370 370 369
 369 370 370 369 370 370 372 373 371 372 372 372 371 371 372 372 371 374
 374 374 374 375 375 375 375 375 377 377 378 378 378 379 380], time=55.20550727844238 

[334 335 332 333 332 332 332 333 333 333 333 333 334 333 334 334 332 332
 330 331 332 336 335 334 332 330 332 330 332 330 331 332 331 333 333 330
 333 330 330 330 331 331 330 331 332 332 332 332 331 331 331 331 331 331
 331 330 331 331 330 331 331 330 330 331 333 332 332 333 330 329 329 329
 328 329 329 329 330 330 330 329 329 327 327 330 330 328 328 331 330 330
 330 331 329 330 330 330 330 332 332 330 328 326 326 328 328 328 328 328
 328 327 328 330 328 328 328 330 328 327 326 326 327 325 327 327 326 329
 329 329 327 325 327 328 329 328 328 328 328 328 328 328 329 329 329 331
 331 330 331 331 330 330 330 330 330 329 329 330 330 331 330 329 330 330
 330 330 330 331 331 330 330 331 330 331 330 329 330 331 332 333 333 332
 333 332 333 333 333 332 332 333 333 332 332 332 332 333 333 334 333 334
 334 334 334 334 334 336 336 335 334 335 335 334 336 335 335 335 335 335
 336 336 336 337 338 338 338 338 338 338 338 339 338 338 339 339 341 341
 341 341 340 340 341 341 341 342 342 341 341 341 340 341 342 344 344 344
 345 345 346 344 344 345 346 344 345 345 345 346 347 347 347 347 348 347
 347 347 348 346 347 348 347 349 348 350 350 351 352 353 353 353 351 353
 353 353 353 354 354 353 354 354 356 356 357 356 356 357 357 357 357 357
 358 357 358 356 356 358 358 358 358 359 359 359 361 361 361 361 363 365
 365 368 368 366 366 367 367 366 367 367 367 368 370 370 370 372 371 372
 370 370 372 372 373 372 373 374 374 373 373 376 375 375 373 374 374 374
 377 377 376 376 376 376 376 376 379 378 377 377 377 378 382], time=59.80897665023804 

[333 334 333 332 330 330 330 330 333 331 331 331 331 331 332 332 331 330
 329 331 331 330 331 330 331 331 330 331 330 330 329 329 331 333 331 328
 330 328 329 329 330 330 330 330 331 332 331 332 330 330 330 330 330 329
 329 329 330 329 330 329 329 328 328 330 332 331 332 331 329 328 328 328
 328 329 329 329 328 330 330 329 328 328 328 328 329 328 330 329 330 330
 330 330 329 328 328 328 329 331 331 329 327 327 327 327 328 328 329 328
 328 327 328 328 329 329 330 328 327 326 327 325 326 326 324 325 326 330
 330 329 327 325 325 326 328 328 328 328 328 327 327 328 327 330 330 330
 330 330 328 329 330 329 329 330 330 329 329 330 330 329 329 331 330 330
 330 330 330 330 330 331 330 331 330 330 329 329 331 331 333 333 331 332
 332 332 333 332 333 333 332 333 333 332 332 332 333 333 334 334 334 335
 335 335 335 335 335 335 336 335 335 336 336 335 335 336 335 335 335 335
 337 337 337 338 339 338 339 339 340 340 340 339 339 339 339 340 341 341
 341 342 341 341 340 342 343 341 341 342 340 340 341 342 344 345 346 346
 345 345 345 345 345 346 345 346 346 345 345 346 348 349 349 348 348 350
 347 347 349 348 348 349 348 348 349 351 351 354 352 352 352 352 352 352
 353 353 353 353 355 355 355 356 355 356 357 356 357 358 358 358 358 358
 357 358 357 357 357 358 360 361 360 361 361 361 362 362 363 363 365 365
 365 366 366 368 368 366 369 367 370 370 370 369 370 369 372 372 372 373
 372 373 373 374 373 374 374 375 375 375 375 377 377 377 375 375 375 378
 377 377 377 378 379 378 378 378 378 379 380 380 379 379 380], time=64.44705605506897 

[331 332 329 332 331 327 327 330 330 329 329 329 329 329 330 330 330 328
 327 327 330 332 331 330 329 329 329 332 331 329 330 327 327 328 328 329
 329 329 327 329 329 330 329 329 329 329 330 329 328 329 329 328 328 328
 327 329 328 329 328 329 329 329 329 329 330 330 331 329 328 327 327 327
 328 328 329 329 329 329 326 329 327 326 325 327 327 328 328 328 328 329
 329 329 328 326 326 329 328 330 330 328 327 326 326 326 327 328 327 326
 326 327 327 328 328 328 328 327 327 326 325 326 326 324 325 326 329 328
 328 328 326 326 326 326 326 325 327 327 328 327 327 328 327 329 329 329
 329 330 328 329 330 330 330 330 330 329 329 330 330 329 329 330 330 330
 330 330 331 330 330 332 331 330 330 330 330 329 331 331 333 333 331 332
 332 332 332 332 333 333 332 333 333 332 332 332 333 333 333 333 334 334
 334 334 335 336 336 335 336 337 336 336 335 335 334 336 335 334 334 336
 337 337 337 338 339 340 339 339 340 340 340 339 340 340 340 340 341 341
 342 342 341 340 341 342 342 343 343 342 342 341 341 342 343 345 343 345
 345 346 346 346 346 347 346 346 347 346 346 348 349 349 349 348 349 348
 348 349 350 351 351 349 350 350 350 350 353 354 354 353 354 354 352 354
 353 354 356 354 356 355 355 356 357 358 357 358 357 358 359 358 359 359
 359 359 359 360 360 360 361 362 360 360 361 363 363 363 365 365 366 366
 368 366 366 369 369 370 370 371 370 371 371 372 373 370 372 373 374 373
 373 374 375 374 374 376 374 376 376 376 378 377 378 378 379 376 376 378
 379 379 378 378 381 379 379 380 380 381 383 383 382 383 384], time=68.97688412666321 

[330 330 329 329 328 327 327 327 327 329 326 327 327 328 330 329 327 328
 328 327 330 330 331 329 326 325 324 328 327 327 326 328 327 327 328 326
 327 326 326 328 326 326 327 326 329 328 328 329 328 329 328 328 327 327
 327 325 328 326 325 327 328 326 329 329 329 329 329 328 328 326 326 326
 328 328 329 328 327 326 327 327 325 325 325 327 327 327 328 326 328 328
 328 328 327 326 326 327 328 329 329 328 326 324 324 325 326 327 327 325
 326 326 326 327 327 328 328 326 326 326 325 326 325 325 325 325 325 330
 330 329 328 324 324 326 327 326 326 328 327 328 328 327 328 329 329 330
 330 329 329 329 330 329 329 329 330 328 328 330 329 330 331 331 330 331
 331 330 330 330 330 332 330 331 330 331 330 330 331 331 333 333 331 332
 332 333 333 332 333 333 332 333 333 332 332 333 333 333 334 333 334 334
 334 334 336 333 335 335 336 336 335 336 336 335 335 335 336 335 335 336
 337 337 337 338 339 340 339 340 340 339 339 340 341 341 340 340 342 342
 343 343 343 342 342 343 343 343 343 343 342 341 342 341 344 346 344 347
 346 346 345 347 347 346 348 346 347 348 348 348 349 349 349 349 350 351
 349 350 353 352 352 352 351 351 350 352 353 354 355 355 356 356 355 355
 355 356 356 357 357 357 357 357 358 359 359 358 359 359 361 360 360 361
 361 361 361 361 362 362 362 362 362 363 363 363 363 366 365 366 368 368
 368 368 369 369 370 370 369 370 371 371 371 372 373 372 372 372 374 374
 374 374 376 377 376 378 377 377 378 379 379 378 379 380 378 378 377 379
 382 380 380 380 381 381 381 383 382 385 383 384 383 384 386], time=73.56210160255432 

[328 328 327 327 326 327 327 327 328 327 328 328 326 328 327 327 325 326
 324 325 324 330 329 328 326 324 326 324 326 326 324 325 326 326 327 326
 325 327 324 325 326 325 324 325 327 327 328 328 327 328 329 328 325 326
 327 326 326 326 325 326 327 325 325 326 328 329 328 329 326 325 325 325
 328 329 329 328 327 326 326 325 325 323 323 326 326 324 324 327 326 326
 326 326 327 327 327 327 328 327 327 328 325 325 325 325 326 326 325 325
 325 325 325 326 326 326 326 326 327 324 323 325 325 323 325 325 324 327
 327 326 323 323 323 323 326 326 326 326 328 327 327 327 327 326 329 329
 329 328 329 329 328 329 329 328 328 328 329 328 329 329 329 328 329 329
 329 329 328 329 329 329 329 330 329 330 330 330 331 331 332 333 331 331
 332 332 332 332 333 333 332 333 333 332 332 333 333 333 334 333 334 334
 334 335 335 335 334 336 337 336 335 336 336 335 335 336 334 334 334 335
 337 337 337 339 339 340 341 340 341 340 340 341 341 341 340 341 342 343
 342 343 343 342 342 342 343 344 342 343 342 343 342 343 344 346 346 346
 347 347 348 346 348 347 346 347 347 347 347 348 350 348 349 349 351 352
 352 351 352 352 351 352 352 352 352 353 354 356 356 356 357 355 355 357
 357 357 357 358 358 357 358 358 360 360 361 360 360 361 361 361 361 361
 362 361 362 360 360 363 364 364 365 364 364 364 365 366 366 367 369 369
 370 372 372 372 372 370 370 371 372 373 373 372 372 372 373 373 376 377
 377 376 378 378 379 380 379 379 379 379 379 382 381 382 380 380 380 381
 383 383 382 382 382 382 382 382 385 384 384 386 384 385 387], time=78.16124820709229 

[326 327 328 326 327 325 325 325 324 324 324 324 324 323 325 326 326 324
 323 324 325 325 324 325 326 325 324 325 323 323 323 324 327 327 325 324
 325 325 326 325 326 326 323 325 324 325 326 326 326 327 327 325 325 322
 321 322 324 325 325 325 325 324 324 325 327 328 329 328 325 325 324 325
 327 327 326 326 326 326 326 324 323 323 324 324 325 324 326 325 326 326
 326 326 327 327 327 326 327 327 328 327 324 324 324 324 326 325 326 325
 325 323 324 327 325 325 326 327 326 325 324 325 324 325 325 324 325 325
 324 324 324 325 325 324 325 325 325 325 327 326 326 327 327 326 328 327
 329 329 327 328 329 327 327 328 328 328 328 329 329 329 329 330 329 329
 329 328 329 329 329 329 329 330 329 330 330 330 330 330 331 332 332 332
 333 333 333 332 333 333 332 333 333 332 332 333 333 333 334 333 334 334
 334 335 335 335 334 336 337 336 335 336 336 335 336 336 336 336 336 335
 337 338 337 338 339 340 341 341 340 341 341 341 341 342 341 342 342 343
 343 344 344 343 343 343 345 345 345 344 343 344 344 344 346 347 348 347
 347 347 347 347 348 348 349 348 349 348 348 349 349 350 349 350 352 351
 351 352 352 353 354 352 352 352 353 353 355 356 356 356 355 357 357 356
 356 357 357 356 359 359 359 360 359 360 361 360 361 362 362 362 362 362
 361 362 361 361 361 363 365 366 365 365 365 366 366 366 368 369 369 371
 371 372 372 372 373 374 371 372 373 373 374 374 373 375 373 374 377 379
 378 378 378 379 379 380 379 380 381 381 381 382 383 383 381 384 384 382
 383 384 384 383 384 384 384 383 385 386 385 389 387 388 387], time=82.7278311252594 

[324 325 325 325 325 321 323 325 325 321 321 321 322 322 323 324 323 323
 322 323 322 323 326 325 325 323 324 324 323 322 321 321 326 324 325 323
 324 324 321 324 323 321 322 321 324 323 325 324 326 325 324 324 324 320
 320 322 324 325 324 323 323 324 324 324 326 327 327 326 324 323 323 325
 326 325 326 325 325 322 322 322 323 322 323 323 324 324 324 324 325 325
 325 324 325 324 324 325 325 325 325 325 324 324 324 324 324 324 324 324
 323 324 327 326 327 325 327 326 327 325 324 324 324 324 324 325 325 328
 328 328 325 322 322 324 324 324 324 326 326 326 325 326 326 328 328 327
 328 329 327 327 328 327 327 329 327 328 328 328 329 330 330 329 329 328
 328 329 329 329 329 329 329 330 329 330 330 330 330 330 330 331 331 332
 332 332 333 332 333 333 332 333 333 332 332 333 333 333 334 333 334 334
 334 335 336 336 334 334 337 336 335 336 336 335 336 337 334 334 336 337
 338 337 337 337 340 341 341 341 341 341 341 341 342 341 341 342 342 343
 343 343 344 343 344 343 344 344 344 344 343 343 344 345 346 347 348 348
 348 348 348 348 348 348 348 349 350 349 350 351 352 351 351 351 352 353
 353 354 354 353 353 354 354 353 354 354 356 356 357 357 356 356 356 358
 357 357 357 358 360 359 359 360 361 362 361 362 361 362 363 362 363 365
 363 363 364 364 364 364 366 366 368 366 368 368 368 368 369 369 371 372
 373 371 374 373 376 375 374 375 374 373 374 374 374 375 375 375 378 379
 380 381 381 380 381 380 381 382 382 382 382 383 383 383 385 386 384 386
 386 386 386 386 385 387 386 386 389 391 390 390 388 389 387], time=87.25886631011963 

[324 323 323 322 322 323 323 320 323 322 321 322 323 322 322 323 322 321
 322 321 322 324 324 323 323 323 323 321 320 320 320 320 321 323 323 322
 322 322 320 322 322 323 322 321 323 323 324 323 324 324 324 323 321 322
 321 321 323 321 323 320 321 318 318 319 325 324 324 324 322 322 322 322
 324 324 325 324 324 323 323 323 323 322 322 322 323 322 323 324 323 323
 323 324 324 324 324 324 325 325 325 325 325 325 325 325 325 325 324 324
 323 325 326 325 325 325 325 327 325 325 325 325 323 322 322 323 326 325
 325 325 326 323 323 325 325 325 325 325 326 325 325 326 326 326 326 326
 327 327 327 328 327 327 327 328 327 328 328 328 329 330 328 329 329 328
 328 329 328 329 329 329 329 330 329 330 330 330 330 330 331 330 330 332
 332 332 333 332 333 333 332 333 333 332 332 333 333 333 334 333 334 334
 334 335 336 336 334 334 337 336 335 336 336 335 336 337 335 338 337 336
 337 337 336 338 340 341 341 343 342 342 342 342 342 342 343 342 342 343
 343 344 344 344 343 345 344 345 345 344 345 345 343 345 346 348 349 349
 349 348 349 348 349 349 350 350 350 352 351 352 352 351 353 352 354 353
 353 354 355 354 354 354 353 356 354 357 358 356 358 357 359 359 359 358
 360 360 360 359 361 361 361 361 362 363 363 362 363 363 365 364 365 365
 366 365 366 366 366 367 366 369 368 368 369 370 370 369 371 372 373 373
 375 375 375 376 376 377 374 375 375 375 376 377 377 377 377 379 379 380
 382 381 382 381 381 382 382 383 383 384 384 384 384 385 385 385 386 386
 387 387 387 386 387 389 388 388 390 391 392 391 390 391 392], time=91.84870052337646 

[322 322 322 320 319 319 320 320 322 322 323 319 320 322 322 322 320 319
 318 318 318 324 324 320 319 318 317 317 319 319 318 319 320 321 322 321
 323 322 320 320 321 321 320 322 320 320 321 322 323 324 324 322 322 322
 322 322 322 321 322 322 319 318 320 318 317 320 320 322 320 320 320 323
 324 325 325 324 323 322 322 322 322 321 321 322 322 322 322 322 324 322
 324 323 324 324 324 324 323 323 323 324 323 324 324 324 324 325 324 324
 323 323 326 325 325 325 325 325 325 323 323 323 323 321 321 322 324 327
 327 326 325 325 324 322 324 324 323 324 324 324 324 324 324 326 326 327
 328 328 328 330 327 328 328 328 328 328 328 328 328 328 328 328 328 328
 328 328 329 329 329 329 329 330 329 330 330 330 330 331 331 330 330 331
 332 332 332 332 333 332 332 333 333 332 332 333 333 333 334 333 334 334
 333 335 336 335 336 335 336 336 335 336 336 335 335 336 335 335 335 336
 337 337 337 340 341 342 342 342 343 342 343 343 343 343 343 342 343 343
 343 344 345 345 344 345 345 345 344 345 345 344 344 345 347 347 348 348
 349 349 350 349 350 350 349 350 350 352 351 352 351 353 352 352 353 353
 354 355 354 353 355 354 354 354 354 355 357 358 359 358 359 356 359 360
 359 360 359 361 361 361 362 362 364 364 365 364 364 364 365 365 366 367
 366 366 364 364 365 366 369 368 370 369 370 370 370 371 372 373 374 374
 375 377 377 377 378 376 376 377 375 377 378 377 379 380 380 379 380 382
 383 383 382 384 384 384 385 385 385 386 386 384 387 388 388 387 386 389
 389 390 389 388 389 389 388 388 391 392 391 392 392 394 394], time=96.46887636184692 

[321 320 320 320 318 318 318 317 318 317 317 317 316 318 317 318 318 318
 318 317 318 317 318 319 320 319 320 318 318 318 317 318 320 321 319 321
 320 320 321 320 319 320 319 319 319 318 321 320 321 322 320 319 321 319
 321 321 320 320 320 320 319 317 317 318 319 319 319 321 322 321 321 322
 321 321 322 321 321 322 322 322 322 322 322 320 321 321 321 322 322 321
 321 322 323 323 323 324 324 322 322 322 324 321 322 324 323 323 323 324
 323 325 322 323 324 324 324 324 323 323 323 324 324 322 322 322 324 327
 326 326 323 320 323 322 324 323 323 323 323 323 323 324 325 326 326 326
 327 326 326 326 328 329 329 329 327 327 327 327 328 328 328 328 328 328
 328 329 329 329 329 329 329 330 329 330 329 330 330 331 330 328 329 331
 332 332 332 332 333 333 332 333 333 332 332 333 333 333 334 333 334 334
 334 334 336 334 334 335 336 337 335 337 335 336 336 337 337 339 339 338
 339 339 338 338 341 342 343 342 342 342 343 343 343 344 343 344 343 343
 343 344 345 345 346 346 347 345 345 345 344 344 345 346 348 349 348 350
 350 350 350 349 350 351 351 351 351 352 351 352 354 352 354 353 355 355
 356 355 356 355 354 355 354 356 355 357 359 360 360 361 361 360 360 360
 360 361 361 360 363 363 363 364 363 364 365 367 366 366 367 366 366 366
 367 366 367 367 367 368 371 370 370 370 370 370 371 371 372 373 374 376
 377 376 375 378 378 379 377 378 378 378 379 379 379 379 379 379 380 383
 385 383 383 385 384 387 385 386 387 388 387 388 387 390 389 389 389 391
 390 390 389 390 390 390 390 390 392 393 395 393 394 396 395], time=101.00398993492126 

[318 318 318 316 315 316 316 317 317 316 316 316 317 316 315 316 316 317
 317 317 316 316 318 320 318 318 318 319 317 316 315 314 315 320 320 319
 321 313 313 319 319 320 319 317 318 315 316 318 319 317 318 318 318 318
 318 319 318 317 318 317 321 319 320 320 321 320 320 321 319 318 317 318
 319 321 319 319 320 318 319 320 321 320 318 318 319 318 320 321 320 319
 321 321 322 323 323 322 323 321 321 322 322 322 322 322 321 321 320 320
 322 322 321 324 324 322 322 324 323 323 324 323 322 322 320 323 323 324
 321 325 323 323 323 323 322 322 322 322 324 324 324 324 325 325 325 326
 328 327 327 328 329 325 325 327 327 328 326 326 327 327 328 329 328 328
 328 328 329 329 328 328 329 329 329 329 330 330 330 329 329 329 329 331
 332 332 332 332 333 333 332 333 333 332 332 333 333 333 334 333 333 334
 334 334 337 336 334 336 336 337 337 336 337 336 338 338 339 338 338 339
 338 338 338 338 340 342 342 342 343 342 343 343 343 344 343 344 343 344
 343 344 346 345 345 346 346 347 347 346 345 344 345 346 349 349 350 350
 351 350 351 350 350 350 351 351 351 351 353 353 354 353 354 355 356 355
 355 356 357 356 357 358 355 357 356 357 359 360 360 361 361 361 360 361
 362 362 361 362 364 363 363 364 365 366 365 365 366 367 368 367 367 368
 369 368 369 368 368 369 369 372 372 373 372 372 372 373 374 376 377 376
 377 377 377 379 379 380 379 379 380 379 380 381 381 381 381 381 384 385
 386 385 386 387 386 385 387 388 388 388 389 389 390 391 392 391 391 391
 392 392 390 393 392 391 392 391 395 396 395 396 398 398 398], time=105.56338453292847 

[317 317 316 316 316 317 316 317 315 314 314 315 315 315 317 315 315 314
 314 315 316 317 319 317 317 315 315 315 316 315 314 313 312 312 312 312
 314 314 314 315 315 316 317 315 315 316 316 316 317 317 316 317 317 315
 315 316 318 316 315 316 314 315 315 315 316 316 316 316 317 317 317 319
 318 317 318 318 319 319 319 319 319 319 317 316 317 319 319 318 319 317
 317 320 321 322 322 321 320 319 319 319 321 321 322 321 321 320 321 321
 321 322 320 323 323 322 322 323 323 324 323 324 322 321 320 324 323 325
 325 324 323 323 323 323 323 323 323 323 322 322 323 323 324 326 326 326
 327 327 326 326 325 325 325 327 327 328 326 326 328 328 328 329 329 327
 327 328 328 329 329 329 329 330 329 330 330 329 329 330 330 329 328 331
 331 332 332 332 332 333 332 333 333 332 332 333 333 333 334 333 333 334
 334 334 335 337 336 335 336 336 336 337 337 337 337 338 338 337 337 339
 338 338 340 339 340 342 343 343 343 343 343 345 344 344 345 344 343 344
 344 344 346 346 346 347 348 348 348 347 346 347 346 349 349 350 351 349
 350 351 352 352 350 351 351 351 353 353 352 354 354 354 355 355 357 357
 357 356 357 358 357 358 358 358 357 358 359 361 362 361 361 361 362 362
 363 363 364 364 365 365 365 365 366 367 367 367 368 368 369 369 370 369
 369 370 369 370 370 370 372 373 371 373 372 373 373 375 375 376 377 377
 379 380 380 379 381 380 380 381 380 382 383 382 384 383 385 384 383 387
 387 386 386 387 387 388 388 389 389 389 391 390 392 392 391 392 392 392
 393 393 393 393 394 395 394 396 396 397 398 399 399 400 401], time=110.16866302490234 

[315 316 316 314 315 314 314 314 314 315 315 314 314 314 315 315 315 314
 313 313 312 314 315 318 316 313 312 313 314 314 313 312 313 313 313 313
 313 313 314 312 314 316 315 316 315 314 314 315 315 316 317 317 316 315
 315 316 317 317 317 316 315 316 316 316 315 315 315 316 315 315 315 316
 317 317 317 318 318 318 318 319 319 317 317 317 316 317 317 317 317 317
 317 318 319 321 321 322 320 319 319 319 320 320 320 321 320 319 320 322
 320 320 320 320 321 321 321 321 321 320 320 320 321 320 319 320 324 326
 325 324 324 322 321 323 322 322 321 322 322 322 323 323 324 324 324 325
 326 325 329 329 326 325 325 325 325 326 326 326 327 326 326 326 326 326
 326 327 328 327 327 328 328 329 329 329 329 329 329 329 329 327 328 330
 331 332 332 332 332 333 332 333 333 332 332 333 333 333 334 333 334 332
 334 333 336 337 336 336 336 335 335 336 338 337 338 338 338 338 338 338
 339 339 339 340 340 342 343 343 342 345 345 345 345 344 345 344 344 344
 344 346 346 347 346 347 347 347 347 347 346 346 348 348 351 350 351 351
 351 351 352 352 352 351 352 352 353 353 352 355 354 354 355 355 356 355
 355 356 358 357 358 357 357 357 357 358 359 360 361 363 362 363 361 364
 363 364 363 365 365 365 366 366 368 368 367 368 368 370 369 369 369 369
 370 371 371 370 370 371 372 373 372 373 374 374 375 375 376 378 378 378
 381 379 379 383 382 382 382 382 382 383 382 382 384 384 386 385 386 388
 390 387 391 390 391 390 390 391 391 392 392 390 393 394 394 393 392 395
 395 396 395 394 395 395 395 394 398 398 401 399 400 402 402], time=114.86678433418274 

[313 313 313 315 313 314 312 311 312 313 313 312 313 311 314 313 312 312
 312 313 312 314 313 312 314 311 312 312 312 313 312 311 311 311 311 312
 311 312 312 312 312 313 313 313 313 312 312 312 314 314 315 314 316 315
 315 315 315 315 316 315 313 314 314 313 314 312 314 315 316 316 316 315
 317 316 315 316 318 317 317 318 316 317 316 315 316 315 315 316 316 316
 316 317 319 320 320 319 318 316 317 318 320 322 322 319 318 317 318 318
 318 320 320 319 322 321 321 322 322 321 320 321 321 320 319 320 321 324
 323 322 323 322 321 322 322 321 321 322 322 322 323 323 324 324 323 324
 326 326 326 328 326 325 325 325 327 327 325 325 326 327 326 326 326 326
 326 327 328 327 327 329 329 328 329 328 328 327 328 328 329 327 327 330
 332 332 332 332 333 333 332 333 333 332 332 333 333 333 334 333 333 334
 333 335 336 337 336 336 336 335 335 337 337 338 338 338 338 339 338 340
 339 339 340 340 340 342 343 344 343 343 344 345 345 346 345 345 346 344
 346 345 346 347 347 348 348 347 347 347 347 346 347 349 351 351 352 351
 351 353 353 352 353 353 352 353 353 353 353 355 355 356 356 356 358 358
 358 359 358 360 358 359 358 358 360 361 360 362 364 363 363 363 363 365
 365 364 365 366 367 366 368 367 369 368 369 369 369 369 371 371 371 371
 372 371 371 373 372 374 375 376 374 374 375 375 376 377 377 378 380 380
 381 382 382 382 384 384 384 383 384 384 385 383 384 385 387 385 386 388
 390 390 390 391 390 392 391 392 393 394 392 394 394 395 395 395 395 397
 396 397 396 396 398 397 397 396 399 401 402 401 403 402 404], time=119.40462613105774 

[312 310 310 311 311 310 310 311 309 310 310 310 310 310 311 311 310 311
 309 312 310 311 314 312 314 312 312 312 313 314 313 311 309 309 313 312
 310 309 309 309 312 313 313 312 311 312 312 312 313 313 312 313 314 313
 314 314 313 313 312 313 311 312 312 311 312 312 312 313 313 312 312 314
 314 314 314 315 316 316 316 316 316 316 315 314 314 314 314 315 315 317
 316 317 317 317 317 319 316 316 316 318 319 319 319 319 318 319 320 319
 319 318 319 320 320 320 320 320 320 320 319 320 320 320 320 318 319 323
 321 320 321 322 321 321 320 320 320 320 321 321 321 322 323 324 324 325
 326 325 325 327 325 324 324 324 327 327 326 327 327 327 327 327 327 327
 327 327 327 327 329 328 328 328 328 329 328 328 328 328 329 329 327 330
 332 332 332 332 333 333 333 333 333 332 332 333 333 334 333 333 334 334
 333 335 337 337 336 336 336 335 335 337 337 338 337 339 338 339 338 339
 339 339 340 339 340 342 342 344 343 345 344 345 345 346 345 346 346 345
 347 346 346 348 347 348 348 348 348 348 347 347 347 349 349 352 352 352
 352 354 353 353 352 353 353 353 353 355 355 355 356 357 357 358 358 359
 357 359 360 359 361 359 360 360 360 361 362 362 363 363 365 365 365 365
 365 365 365 366 368 368 368 369 370 369 369 370 369 370 371 371 373 374
 374 371 373 374 374 376 375 375 376 375 376 377 377 379 379 380 380 381
 383 382 382 384 385 384 384 385 386 386 385 387 386 388 387 386 388 389
 391 392 392 392 394 392 393 394 394 395 394 395 395 397 398 397 397 397
 397 399 399 400 399 398 399 399 400 405 405 404 405 405 405], time=123.93815851211548 

[310 309 310 310 309 309 309 309 309 308 308 309 309 309 309 310 308 308
 307 309 309 312 312 313 310 310 310 309 307 307 307 309 308 306 306 307
 307 307 307 307 309 310 312 311 311 311 311 311 311 312 312 312 313 314
 313 313 312 312 311 312 311 310 310 311 312 312 312 311 311 312 312 313
 313 312 312 314 314 314 314 316 315 315 313 314 313 313 313 314 315 314
 314 315 317 318 318 317 317 317 317 316 317 319 319 317 318 317 319 319
 317 319 321 319 319 320 320 319 318 318 318 318 319 319 318 319 320 321
 323 322 320 321 319 320 320 321 321 321 322 322 321 321 324 323 323 323
 326 325 325 327 325 326 326 326 326 326 325 327 326 326 327 327 327 327
 327 327 328 327 327 328 328 329 327 329 328 328 328 328 329 329 328 330
 331 332 332 333 333 333 333 332 333 332 332 333 333 334 334 333 334 334
 333 335 337 337 336 336 336 335 335 337 337 337 338 339 338 339 338 339
 339 339 339 341 342 342 341 344 344 344 345 345 345 346 346 346 345 345
 346 347 347 346 347 349 348 348 349 349 348 347 348 349 351 353 353 352
 353 353 355 354 354 354 354 354 355 354 357 357 357 357 358 360 358 360
 360 360 360 360 361 361 360 360 361 362 363 363 364 365 365 365 365 366
 366 366 366 367 368 370 369 370 369 370 371 371 371 372 373 373 373 375
 375 374 374 375 375 375 377 376 377 377 377 377 378 379 380 381 381 383
 384 385 385 384 385 387 385 385 387 386 387 387 388 389 389 391 390 391
 392 392 392 393 394 394 394 395 395 395 397 396 398 398 397 398 398 398
 399 401 400 400 400 401 400 401 403 404 405 406 408 408 408], time=128.45439052581787 

[309 309 309 309 308 308 308 308 308 307 307 308 307 307 307 308 308 309
 309 307 307 311 310 310 313 306 305 305 305 305 305 307 307 307 307 307
 307 307 308 306 308 310 309 309 309 310 310 309 310 311 311 311 312 312
 312 312 312 313 312 313 310 310 310 311 309 309 309 311 312 312 312 313
 313 313 311 313 313 312 313 313 315 313 313 313 312 313 313 313 313 313
 313 314 317 317 317 317 316 314 314 316 318 318 317 318 316 317 319 318
 317 316 316 318 317 317 317 317 317 317 317 317 318 317 317 318 318 322
 321 320 320 320 320 320 320 320 319 320 320 320 321 321 322 322 322 325
 325 325 325 327 324 323 324 326 326 326 325 326 326 326 325 325 325 325
 325 326 326 327 327 327 328 327 327 328 328 327 327 328 328 328 327 330
 331 332 332 331 332 332 332 332 334 332 332 333 334 333 334 334 333 332
 334 335 335 337 336 336 337 337 337 336 338 337 338 339 339 340 338 339
 339 339 339 340 341 341 343 343 343 345 345 345 346 347 347 346 345 345
 346 347 348 347 347 347 349 349 349 349 348 348 349 349 351 352 353 354
 355 356 355 355 355 355 354 355 355 355 357 356 357 357 358 360 360 361
 361 359 361 360 361 360 360 361 362 363 364 363 365 365 364 364 364 366
 367 366 365 367 368 369 369 370 371 371 373 372 373 374 373 373 376 373
 374 375 375 374 374 376 376 379 379 378 378 379 380 380 381 382 384 385
 387 387 387 387 387 388 388 387 387 388 389 390 389 390 390 392 391 392
 394 394 396 396 397 396 396 397 397 397 397 396 395 399 399 398 398 399
 400 403 401 403 402 402 403 402 403 405 406 407 409 410 410], time=133.05939316749573 

[307 305 306 306 308 306 306 306 307 306 306 306 306 304 305 306 306 306
 305 306 306 306 307 307 307 306 308 307 306 306 306 306 306 305 306 306
 306 305 305 306 307 306 308 308 308 308 308 308 310 310 309 310 309 309
 309 310 309 311 310 310 310 311 311 309 310 309 309 308 312 313 313 312
 312 311 311 312 312 313 314 313 312 312 312 312 311 311 311 312 313 313
 313 313 316 317 317 317 315 313 313 315 316 318 318 317 316 317 317 317
 316 316 318 317 319 317 317 317 320 317 317 317 317 317 317 316 320 322
 322 321 320 320 319 319 319 319 319 320 320 320 321 321 322 322 321 322
 324 323 324 326 324 324 324 325 325 324 324 326 325 326 325 325 325 325
 325 325 326 327 326 327 327 327 327 328 328 327 327 328 328 329 327 330
 331 332 332 331 332 332 332 332 334 332 332 333 334 333 334 334 334 334
 335 335 337 337 336 336 338 338 337 337 337 339 338 339 339 340 341 340
 340 340 340 342 342 341 341 343 345 346 345 346 347 346 347 347 347 346
 347 347 348 349 348 348 351 351 349 351 349 349 350 351 353 353 354 353
 355 355 354 354 355 355 355 357 357 356 357 357 359 359 359 359 360 359
 360 361 361 362 361 362 361 362 363 362 364 367 368 366 366 367 367 367
 367 367 367 368 369 370 371 372 372 373 374 373 373 374 375 374 376 375
 376 374 376 377 375 377 379 379 380 378 380 380 380 382 382 383 384 386
 388 387 385 388 389 389 387 388 389 389 390 389 391 391 391 391 391 393
 395 396 396 396 397 398 399 399 398 399 399 400 400 399 401 401 401 401
 402 404 404 403 404 403 404 404 406 407 409 409 411 410 411], time=137.58941316604614 

[305 305 304 304 304 305 302 304 305 306 304 305 304 303 302 307 305 304
 305 305 304 303 306 307 306 305 307 306 307 304 304 306 304 304 304 304
 304 304 304 304 305 305 306 306 307 307 307 307 308 308 308 309 308 308
 308 308 308 307 306 307 307 308 308 307 308 308 308 308 309 310 311 310
 310 311 311 311 311 311 313 311 312 310 311 310 310 310 310 311 312 311
 311 312 315 315 315 315 314 314 314 313 316 316 316 316 316 315 316 315
 315 315 316 317 317 316 316 317 316 316 316 316 318 317 316 317 318 319
 317 317 319 318 318 318 319 318 318 318 319 319 319 320 321 322 322 323
 323 325 325 325 324 323 323 324 326 325 325 325 326 326 326 326 326 326
 326 326 327 327 326 327 327 327 327 328 328 327 327 328 328 329 327 330
 331 332 332 331 332 332 332 332 334 332 332 333 334 333 334 334 334 333
 336 335 336 336 336 335 337 337 338 338 338 339 339 340 340 340 339 339
 340 340 340 342 342 341 344 345 345 345 346 346 347 347 348 347 346 347
 348 348 349 348 348 349 350 350 349 350 349 349 349 352 353 354 354 354
 355 355 355 356 356 356 355 355 356 357 356 359 359 360 360 361 361 361
 361 362 363 363 362 363 362 363 364 365 366 367 367 368 368 367 368 368
 368 368 368 370 371 371 371 372 373 373 374 374 374 375 376 375 377 378
 378 377 376 377 377 378 380 382 379 381 382 383 381 382 384 384 386 387
 388 387 386 388 389 390 388 389 390 391 391 391 392 391 394 392 394 394
 397 398 397 398 400 400 398 400 400 400 400 401 402 403 404 403 403 403
 404 404 405 405 404 405 406 406 408 409 410 412 411 413 414], time=142.15253376960754 

[304 302 303 302 303 305 304 305 303 304 304 305 305 302 303 303 302 303
 302 302 303 303 303 304 305 303 305 302 301 301 301 303 302 303 303 302
 303 302 302 303 305 303 305 304 306 305 305 306 308 308 308 308 307 307
 307 307 306 307 306 306 307 308 305 307 308 307 307 307 308 309 309 308
 309 307 307 309 309 311 310 311 310 309 309 308 309 309 309 310 311 312
 312 311 314 314 314 314 313 313 312 314 315 315 315 315 314 315 314 315
 315 314 315 316 316 316 316 316 316 316 315 316 317 316 316 316 317 320
 318 318 318 317 317 317 318 319 319 319 320 320 319 319 322 321 321 321
 323 325 324 324 323 323 324 325 324 325 325 325 326 325 326 326 326 326
 326 326 326 327 326 326 327 328 327 327 328 327 327 328 328 329 327 330
 331 332 332 331 332 332 332 332 334 332 332 333 334 333 334 334 334 334
 334 334 337 336 336 336 336 338 337 338 338 338 339 340 340 340 339 341
 340 340 340 340 342 342 341 344 345 346 346 347 347 348 347 348 347 347
 348 347 348 349 350 351 352 352 352 351 350 350 350 352 353 355 355 355
 356 357 357 357 357 357 358 357 357 358 358 359 361 360 361 361 362 362
 362 364 363 363 364 364 364 364 365 365 366 368 368 369 369 367 368 370
 370 369 369 370 372 372 372 373 373 373 375 374 375 376 377 377 377 379
 379 378 379 378 379 379 381 382 382 382 383 383 383 383 385 386 387 388
 390 387 389 389 390 390 390 391 392 393 394 394 393 394 395 395 395 396
 398 399 400 399 400 401 400 401 401 402 402 402 404 404 403 404 404 404
 405 408 408 405 407 408 407 408 408 410 411 412 416 414 416], time=146.84134602546692 

[302 302 302 301 302 300 300 300 303 302 303 303 300 300 299 299 299 300
 301 303 301 301 301 302 305 305 302 304 304 300 300 299 302 301 301 302
 301 302 302 301 301 302 301 303 304 305 305 304 305 306 306 307 306 306
 306 307 306 304 305 306 305 305 305 305 306 307 307 307 308 308 308 307
 309 308 308 309 309 308 309 309 311 309 309 309 308 309 309 309 310 311
 311 310 313 313 313 314 313 313 313 313 314 314 315 315 313 314 315 314
 314 313 314 314 317 317 317 316 316 316 316 315 316 315 315 315 317 316
 316 317 316 318 317 320 318 318 317 318 318 318 319 319 320 320 320 323
 323 323 323 325 322 321 321 323 325 326 326 325 324 325 325 324 324 324
 324 326 326 327 326 326 327 328 327 327 328 327 327 328 328 329 327 330
 331 332 332 331 332 332 332 332 334 332 332 333 334 333 334 334 334 335
 334 336 335 336 335 336 339 339 337 338 338 338 339 340 340 340 341 340
 340 340 340 341 342 342 343 344 346 346 347 347 347 348 347 348 348 348
 348 349 350 349 349 349 351 351 351 351 350 350 351 351 353 354 355 356
 357 358 357 357 357 358 358 357 358 357 359 358 361 362 361 361 362 363
 363 363 363 364 363 363 364 364 364 365 368 370 370 369 369 369 370 370
 370 370 370 371 373 373 373 374 375 375 374 376 377 377 377 377 380 378
 378 380 380 379 380 381 382 383 385 383 384 384 384 384 386 387 389 390
 389 390 390 391 392 393 393 392 393 393 394 393 394 395 397 396 396 397
 400 402 402 402 403 402 403 403 404 403 403 402 401 405 405 404 404 405
 406 409 407 408 407 408 408 408 409 415 416 415 415 415 417], time=151.4277753829956 

[299 301 299 300 299 298 297 298 301 298 299 300 298 299 300 300 299 300
 299 300 301 300 300 300 302 301 300 302 301 299 300 301 299 299 299 300
 302 298 300 301 302 300 300 303 302 303 303 304 303 305 306 305 306 306
 306 304 305 304 304 305 305 306 306 307 307 305 306 306 307 307 307 306
 307 307 307 308 307 307 308 308 309 308 308 308 308 307 307 308 309 310
 309 310 311 312 312 313 312 311 311 311 313 313 313 314 311 312 312 312
 312 313 314 314 315 316 316 316 316 315 315 316 316 316 315 315 317 317
 314 316 317 318 316 317 317 317 317 318 318 318 319 319 318 319 319 321
 320 322 324 322 324 321 321 323 324 324 323 324 324 325 325 324 323 323
 323 325 326 326 326 327 327 327 327 327 327 328 328 328 328 328 328 331
 331 332 332 332 332 331 332 332 333 332 332 333 334 333 334 334 334 335
 334 335 336 336 335 336 337 339 338 337 339 339 339 339 341 341 340 340
 341 341 342 342 343 343 344 345 346 347 348 348 348 347 348 348 348 348
 349 348 350 351 350 351 351 352 352 352 351 351 352 353 354 355 356 356
 357 356 357 357 357 359 359 360 359 358 360 359 361 362 362 363 364 364
 364 365 364 364 364 365 365 365 366 365 367 369 370 371 370 370 370 370
 371 371 372 372 373 374 373 375 375 376 377 378 377 378 379 379 379 379
 380 379 380 381 381 382 383 386 386 386 384 385 386 385 386 389 390 390
 391 391 392 392 394 394 393 393 394 395 395 395 396 398 398 397 398 398
 401 401 401 404 403 404 403 403 404 405 405 406 406 405 407 407 407 408
 409 410 410 409 410 410 411 411 412 416 416 418 417 417 418], time=155.99173617362976 

[297 297 296 299 299 298 298 296 298 298 299 299 298 297 296 296 297 298
 297 297 298 301 301 301 301 300 299 301 299 299 299 300 297 297 301 300
 299 300 300 299 298 298 298 300 300 301 301 301 304 305 304 304 304 305
 302 302 303 302 302 303 304 305 304 306 305 305 305 305 306 306 307 307
 305 305 307 307 308 306 308 308 309 308 307 307 307 306 306 308 308 308
 309 309 310 310 310 310 310 311 311 310 313 313 313 313 310 310 310 311
 312 312 314 312 313 315 313 315 315 314 314 314 316 315 314 315 315 316
 314 314 315 314 316 317 316 316 316 316 317 317 317 317 318 319 317 318
 320 322 323 322 323 322 322 324 324 324 323 324 324 324 321 324 324 323
 323 325 326 327 326 327 327 327 328 328 327 328 328 328 328 328 329 329
 331 332 332 332 332 331 332 332 333 332 332 333 334 333 334 333 334 335
 334 335 336 336 336 336 338 338 337 337 338 339 339 339 341 341 340 340
 342 341 342 343 343 343 344 345 346 347 347 347 348 348 348 348 349 349
 349 349 350 350 350 352 352 353 353 352 351 351 351 354 355 355 357 356
 356 357 357 358 357 358 360 360 359 359 359 361 361 362 364 362 364 365
 365 365 365 366 365 365 366 366 366 367 368 370 371 371 372 372 371 372
 372 373 372 373 373 374 376 376 377 378 378 377 377 379 380 380 380 382
 380 380 382 382 383 385 386 387 388 387 387 387 387 387 387 390 391 392
 393 391 392 393 395 394 395 394 397 397 397 400 397 398 398 401 401 399
 403 403 404 403 405 404 403 405 405 406 406 407 408 409 410 409 409 409
 411 411 411 410 412 412 411 412 414 416 417 418 418 419 419], time=160.5366609096527 

[295 296 297 297 296 295 293 294 297 297 298 297 297 295 295 295 297 297
 296 295 296 297 299 298 298 299 298 298 296 294 294 299 297 297 298 297
 297 296 296 297 296 296 296 299 298 299 300 298 300 298 300 302 304 302
 303 303 301 302 301 303 305 304 305 303 303 304 304 304 304 304 304 305
 305 304 305 305 306 306 305 307 307 307 305 306 306 305 305 306 307 308
 308 308 309 309 309 309 311 311 308 310 311 313 313 311 311 309 309 311
 311 312 312 312 311 313 312 313 314 313 313 314 314 315 314 315 314 315
 315 316 316 315 316 317 316 317 317 317 318 318 317 318 318 317 317 318
 318 320 321 322 321 321 321 322 324 324 324 323 323 322 321 324 323 324
 324 325 326 327 326 326 327 327 326 327 327 327 328 329 328 328 328 330
 332 332 332 332 332 331 331 332 333 332 332 333 334 333 334 333 334 335
 334 335 337 336 336 336 337 338 337 338 338 339 340 340 340 340 341 341
 341 342 342 341 343 343 345 344 347 347 348 348 348 347 348 347 348 349
 349 350 351 351 352 352 352 353 354 353 353 352 352 354 357 357 358 358
 358 358 358 358 360 360 361 360 361 360 361 362 362 363 364 365 365 366
 365 365 366 367 366 367 367 367 367 368 370 372 372 373 372 372 373 371
 374 374 373 374 375 376 375 376 378 378 379 379 379 379 380 380 381 382
 384 381 382 383 384 385 387 388 389 387 387 387 388 389 390 391 391 392
 395 393 394 394 396 397 397 397 397 398 399 398 399 400 401 401 401 402
 403 404 405 404 406 407 406 407 407 406 408 408 410 410 409 410 410 411
 412 413 412 413 413 414 413 414 416 416 418 419 421 421 421], time=165.14650559425354 

[295 295 295 295 295 296 292 293 297 297 297 297 295 294 295 294 294 295
 295 295 296 295 296 295 299 294 294 295 294 295 295 295 296 295 295 295
 296 296 296 296 295 295 295 296 298 299 299 297 298 298 298 299 301 301
 301 302 301 299 299 301 302 303 302 301 301 301 301 303 303 304 302 305
 303 305 304 304 304 304 304 306 304 305 305 305 305 303 305 305 307 307
 307 308 307 307 307 309 309 309 308 309 311 312 312 312 310 310 310 309
 310 311 312 311 311 312 311 312 313 313 313 314 313 313 312 313 313 314
 314 315 315 318 317 317 316 316 315 316 316 316 317 317 317 317 317 317
 318 318 318 322 319 318 318 322 322 324 324 323 322 323 323 322 324 322
 322 325 325 325 325 326 326 326 327 327 327 325 326 327 327 328 327 328
 331 332 332 332 332 331 331 332 333 332 332 333 333 333 333 333 335 335
 334 336 336 336 335 335 337 338 338 338 339 339 340 341 341 341 340 341
 341 341 341 342 343 343 344 345 347 348 348 348 348 349 348 349 348 349
 350 351 351 351 351 352 354 355 354 354 352 352 353 354 358 357 358 360
 360 359 359 359 360 360 360 360 360 360 362 362 363 363 364 365 365 366
 366 366 368 367 367 368 368 368 368 369 372 373 373 374 373 373 375 375
 373 375 373 376 375 376 377 378 379 380 381 379 379 380 381 383 382 383
 384 385 383 384 386 385 387 388 390 388 388 388 388 389 390 392 392 394
 395 395 395 396 398 400 398 398 399 398 399 399 400 401 402 402 403 403
 404 406 408 409 408 407 408 409 409 409 409 408 407 411 411 410 410 412
 413 415 415 415 413 414 414 413 417 419 419 422 421 422 423], time=169.8402383327484 

